# ---$q h$---	---$\Phi_\mathrm{13}(qh)/\mathrm{i}qE^\mathrm{*}$---
0.01 0
0.111837 0
0.213673 0
0.31551 0
0.417347 0
0.519184 0
0.62102 0
0.722857 0
0.824694 0
0.926531 0
1.02837 0
1.1302 0
1.23204 0
1.33388 0
1.43571 0
1.53755 0
1.63939 0
1.74122 0
1.84306 0
1.9449 0
2.04673 0
2.14857 0
2.25041 0
2.35224 0
2.45408 0
2.55592 0
2.65776 0
2.75959 0
2.86143 0
2.96327 0
3.0651 0
3.16694 0
3.26878 0
3.37061 0
3.47245 0
3.57429 0
3.67612 0
3.77796 0
3.8798 0
3.98163 0
4.08347 0
4.18531 0
4.28714 0
4.38898 0
4.49082 0
4.59265 0
4.69449 0
4.79633 0
4.89816 0
5 0
