# ---$q h$---	---$\Phi_\mathrm{13}(qh)/\mathrm{i}qE^\mathrm{*}$---
0.01 8.33307e-06
0.111837 0.00103825
0.213673 0.00375135
0.31551 0.00804572
0.417347 0.0137655
0.519184 0.0207133
0.62102 0.0286647
0.722857 0.0373835
0.824694 0.0466348
0.926531 0.0561967
1.02837 0.0658685
1.1302 0.0754761
1.23204 0.084874
1.33388 0.0939462
1.43571 0.102604
1.53755 0.110785
1.63939 0.118448
1.74122 0.125571
1.84306 0.132145
1.9449 0.138177
2.04673 0.143681
2.14857 0.148678
2.25041 0.153194
2.35224 0.157259
2.45408 0.160904
2.55592 0.164161
2.65776 0.167062
2.75959 0.169638
2.86143 0.171919
2.96327 0.173933
3.0651 0.175708
3.16694 0.177267
3.26878 0.178634
3.37061 0.17983
3.47245 0.180875
3.57429 0.181785
3.67612 0.182577
3.77796 0.183265
3.8798 0.183861
3.98163 0.184377
4.08347 0.184823
4.18531 0.185208
4.28714 0.185539
4.38898 0.185825
4.49082 0.18607
4.59265 0.186281
4.69449 0.186461
4.79633 0.186616
4.89816 0.186748
5 0.186861
