# ---$q h$---	---$\Phi_\mathrm{13}(qh)/\mathrm{i}qE^\mathrm{*}$---
0.01 -0.449964
0.111837 -0.445471
0.213673 -0.43376
0.31551 -0.415584
0.417347 -0.392037
0.519184 -0.364403
0.62102 -0.334012
0.722857 -0.302112
0.824694 -0.269785
0.926531 -0.237909
1.02837 -0.207148
1.1302 -0.177966
1.23204 -0.15066
1.33388 -0.12539
1.43571 -0.102212
1.53755 -0.0811063
1.63939 -0.062002
1.74122 -0.0447941
1.84306 -0.029358
1.9449 -0.0155595
2.04673 -0.00326174
2.14857 0.00766978
2.25041 0.0173642
2.35224 0.0259433
2.45408 0.0335207
2.55592 0.0402012
2.65776 0.0460807
2.75959 0.0512469
2.86143 0.0557789
2.96327 0.0597485
3.0651 0.0632202
3.16694 0.066252
3.26878 0.0688957
3.37061 0.0711977
3.47245 0.0731994
3.57429 0.0749374
3.67612 0.0764446
3.77796 0.0777498
3.8798 0.0788786
3.98163 0.0798536
4.08347 0.0806946
4.18531 0.0814193
4.28714 0.0820429
4.38898 0.0825789
4.49082 0.0830391
4.59265 0.0834338
4.69449 0.083772
4.79633 0.0840614
4.89816 0.0843088
5 0.0845202
