# ---$q h$---	---$\Phi_\mathrm{13}(qh)/\mathrm{i}qE^\mathrm{*}$---
0.01 0.250003
0.111837 0.25039
0.213673 0.251411
0.31551 0.253038
0.417347 0.255222
0.519184 0.257904
0.62102 0.261012
0.722857 0.26447
0.824694 0.268195
0.926531 0.272109
1.02837 0.276135
1.1302 0.280203
1.23204 0.28425
1.33388 0.288222
1.43571 0.292074
1.53755 0.29577
1.63939 0.299283
1.74122 0.302592
1.84306 0.305687
1.9449 0.308559
2.04673 0.311209
2.14857 0.313639
2.25041 0.315855
2.35224 0.317866
2.45408 0.319683
2.55592 0.321317
2.65776 0.322781
2.75959 0.324088
2.86143 0.32525
2.96327 0.326282
3.0651 0.327193
3.16694 0.327997
3.26878 0.328704
3.37061 0.329324
3.47245 0.329866
3.57429 0.33034
3.67612 0.330753
3.77796 0.331112
3.8798 0.331423
3.98163 0.331693
4.08347 0.331927
4.18531 0.332129
4.28714 0.332303
4.38898 0.332452
4.49082 0.332581
4.59265 0.332692
4.69449 0.332787
4.79633 0.332868
4.89816 0.332937
5 0.332997
