# ---$q h$---	---$\Phi_\mathrm{13}(qh)/\mathrm{i}qE^\mathrm{*}$---
0.01 -14999.8
0.111837 -119.729
0.213673 -32.6547
0.31551 -14.8695
0.417347 -8.414
0.519184 -5.36811
0.62102 -3.69409
0.722857 -2.67706
0.824694 -2.01374
0.926531 -1.55766
1.02837 -1.23105
1.1302 -0.989488
1.23204 -0.806105
1.33388 -0.663882
1.43571 -0.551604
1.53755 -0.46164
1.63939 -0.388646
1.74122 -0.328789
1.84306 -0.279263
1.9449 -0.23797
2.04673 -0.203317
2.14857 -0.174078
2.25041 -0.149293
2.35224 -0.128201
2.45408 -0.110194
2.55592 -0.0947801
2.65776 -0.0815578
2.75959 -0.070196
2.86143 -0.0604198
2.96327 -0.0519997
3.0651 -0.0447424
3.16694 -0.0384847
3.26878 -0.0330876
3.37061 -0.0284326
3.47245 -0.0244183
3.57429 -0.0209575
3.67612 -0.0179749
3.77796 -0.0154058
3.8798 -0.0131942
3.98163 -0.0112915
4.08347 -0.00965574
4.18531 -0.00825055
4.28714 -0.00704435
4.38898 -0.00600981
4.49082 -0.00512323
4.59265 -0.00436408
4.69449 -0.0037146
4.79633 -0.00315941
4.89816 -0.00268522
5 -0.00228056
