# ---$x/\lambda_\mathrm{l}$---	---$z/\lambda_\mathrm{l}$---
-2 0.0220784
-2 0.0545402
-1.99902 0.0545402
-1.99805 0.0545402
-1.99707 0.0545402
-1.99609 0.0545402
-1.99512 0.0545402
-1.99414 0.0545402
-1.99316 0.0545402
-1.99219 0.0545402
-1.99121 0.0545402
-1.99023 0.0545402
-1.98926 0.0545402
-1.98828 0.0545402
-1.9873 0.0545402
-1.98633 0.0545402
-1.98535 0.0545402
-1.98438 0.0545402
-1.9834 0.0545402
-1.98242 0.0545402
-1.98145 0.0545402
-1.98047 0.0545402
-1.97949 0.0545402
-1.97852 0.0545402
-1.97754 0.0545402
-1.97656 0.0545402
-1.97559 0.0545402
-1.97461 0.0545402
-1.97363 0.0545402
-1.97266 0.0545402
-1.97168 0.0545402
-1.9707 0.0545402
-1.96973 0.0545402
-1.96875 0.0545402
-1.96777 0.0545402
-1.9668 0.0545402
-1.96582 0.0545402
-1.96484 0.0545402
-1.96387 0.0545402
-1.96289 0.0545402
-1.96191 0.0545402
-1.96094 0.0545402
-1.95996 0.0545402
-1.95898 0.0545402
-1.95801 0.0545402
-1.95703 0.0545402
-1.95605 0.0545402
-1.95508 0.0545402
-1.9541 0.0545402
-1.95312 0.0545402
-1.95215 0.0545402
-1.95117 0.0545402
-1.9502 0.0545402
-1.94922 0.0545402
-1.94824 0.0545402
-1.94727 0.0545402
-1.94629 0.0545402
-1.94531 0.0545402
-1.94434 0.0545402
-1.94336 0.0545402
-1.94238 0.0545402
-1.94141 0.0545402
-1.94043 0.0545402
-1.93945 0.0545402
-1.93848 0.0545402
-1.9375 0.0545402
-1.93652 0.0545402
-1.93555 0.0545402
-1.93457 0.0545402
-1.93359 0.0545402
-1.93262 0.0545402
-1.93164 0.0545402
-1.93066 0.0545402
-1.92969 0.0545402
-1.92871 0.0545402
-1.92773 0.0545402
-1.92676 0.0545402
-1.92578 0.0545402
-1.9248 0.0545402
-1.92383 0.0545402
-1.92285 0.0545402
-1.92188 0.0545402
-1.9209 0.0545402
-1.91992 0.0545402
-1.91895 0.0545402
-1.91797 0.0545402
-1.91699 0.0545402
-1.91602 0.0545402
-1.91504 0.0545402
-1.91406 0.0545402
-1.91309 0.0545402
-1.91211 0.0545402
-1.91113 0.0545402
-1.91016 0.0545402
-1.90918 0.0545402
-1.9082 0.0545402
-1.90723 0.0545402
-1.90625 0.0545402
-1.90527 0.0545402
-1.9043 0.0545402
-1.90332 0.0545402
-1.90234 0.0545402
-1.90137 0.0545402
-1.90039 0.0545402
-1.89941 0.0545402
-1.89844 0.0545402
-1.89746 0.0545402
-1.89648 0.0545402
-1.89551 0.0545402
-1.89453 0.0545402
-1.89355 0.0545402
-1.89258 0.0545402
-1.8916 0.0545402
-1.89062 0.0545402
-1.88965 0.0545402
-1.88867 0.0545402
-1.8877 0.0545402
-1.88672 0.0545402
-1.88574 0.0545402
-1.88477 0.0545402
-1.88379 0.0545402
-1.88281 0.0545402
-1.88184 0.0545402
-1.88086 0.0545402
-1.87988 0.0545402
-1.87891 0.0545402
-1.87793 0.0545402
-1.87695 0.0545402
-1.87598 0.0545402
-1.875 0.0545402
-1.87402 0.0545402
-1.87305 0.0545402
-1.87207 0.0545402
-1.87109 0.0545402
-1.87012 0.0545402
-1.86914 0.0545402
-1.86816 0.0545402
-1.86719 0.0545402
-1.86621 0.0545402
-1.86523 0.0545402
-1.86426 0.0545402
-1.86328 0.0545402
-1.8623 0.0545402
-1.86133 0.0545402
-1.86035 0.0545402
-1.85938 0.0545402
-1.8584 0.0545402
-1.85742 0.0545402
-1.85645 0.0545402
-1.85547 0.0545402
-1.85449 0.0545402
-1.85352 0.0545402
-1.85254 0.0545402
-1.85156 0.0545402
-1.85059 0.0545402
-1.84961 0.0545402
-1.84863 0.0545402
-1.84766 0.0545402
-1.84668 0.0545402
-1.8457 0.0545402
-1.84473 0.0545402
-1.84375 0.0545402
-1.84277 0.0545402
-1.8418 0.0545402
-1.84082 0.0545402
-1.83984 0.0545402
-1.83887 0.0545402
-1.83789 0.0545402
-1.83691 0.0545402
-1.83594 0.0545402
-1.83496 0.0545402
-1.83398 0.0545402
-1.83301 0.0545402
-1.83203 0.0545402
-1.83105 0.0545402
-1.83008 0.0545402
-1.8291 0.0545402
-1.82812 0.0545402
-1.82715 0.0545402
-1.82617 0.0545402
-1.8252 0.0545402
-1.82422 0.0545402
-1.82324 0.0545402
-1.82227 0.0545402
-1.82129 0.0545402
-1.82031 0.0545402
-1.81934 0.0545402
-1.81836 0.0545402
-1.81738 0.0545402
-1.81641 0.0545402
-1.81543 0.0545402
-1.81445 0.0545402
-1.81348 0.0545402
-1.8125 0.0545402
-1.81152 0.0545402
-1.81055 0.0545402
-1.80957 0.0545402
-1.80859 0.0545402
-1.80762 0.0545402
-1.80664 0.0545402
-1.80566 0.0545402
-1.80469 0.0545402
-1.80371 0.0545402
-1.80273 0.0545402
-1.80176 0.0545402
-1.80078 0.0545402
-1.7998 0.0545402
-1.79883 0.0545402
-1.79785 0.0545402
-1.79688 0.0545402
-1.7959 0.0545402
-1.79492 0.0545402
-1.79395 0.0545402
-1.79297 0.0545402
-1.79199 0.0545402
-1.79102 0.0545402
-1.79004 0.0545402
-1.78906 0.0545402
-1.78809 0.0545402
-1.78711 0.0545402
-1.78613 0.0545402
-1.78516 0.0545402
-1.78418 0.0545402
-1.7832 0.0545402
-1.78223 0.0545402
-1.78125 0.0545402
-1.78027 0.0545402
-1.7793 0.0545402
-1.77832 0.0545402
-1.77734 0.0545402
-1.77637 0.0545402
-1.77539 0.0545402
-1.77441 0.0545402
-1.77344 0.0545402
-1.77246 0.0545402
-1.77148 0.0545402
-1.77051 0.0545402
-1.76953 0.0545402
-1.76855 0.0545402
-1.76758 0.0545402
-1.7666 0.0545402
-1.76562 0.0545402
-1.76465 0.0545402
-1.76367 0.0545402
-1.7627 0.0545402
-1.76172 0.0545402
-1.76074 0.0545402
-1.75977 0.0545402
-1.75879 0.0545402
-1.75781 0.0545402
-1.75684 0.0545402
-1.75586 0.0545402
-1.75488 0.0545402
-1.75391 0.0545402
-1.75293 0.0545402
-1.75195 0.0545402
-1.75098 0.0545402
-1.75 0.0545402
-1.74902 0.0545402
-1.74805 0.0545402
-1.74707 0.0545402
-1.74609 0.0545402
-1.74512 0.0545402
-1.74414 0.0545402
-1.74316 0.0545402
-1.74219 0.0545402
-1.74121 0.0545402
-1.74023 0.0545402
-1.73926 0.0545402
-1.73828 0.0545402
-1.7373 0.0545402
-1.73633 0.0545402
-1.73535 0.0545402
-1.73438 0.0545402
-1.7334 0.0545402
-1.73242 0.0545402
-1.73145 0.0545402
-1.73047 0.0545402
-1.72949 0.0545402
-1.72852 0.0545402
-1.72754 0.0545402
-1.72656 0.0545402
-1.72559 0.0545402
-1.72461 0.0545402
-1.72363 0.0545402
-1.72266 0.0545402
-1.72168 0.0545402
-1.7207 0.0545402
-1.71973 0.0545402
-1.71875 0.0545402
-1.71777 0.0545402
-1.7168 0.0545402
-1.71582 0.0545402
-1.71484 0.0545402
-1.71387 0.0545402
-1.71289 0.0545402
-1.71191 0.0545402
-1.71094 0.0545402
-1.70996 0.0545402
-1.70898 0.0545402
-1.70801 0.0545402
-1.70703 0.0545402
-1.70605 0.0545402
-1.70508 0.0545402
-1.7041 0.0545402
-1.70312 0.0545402
-1.70215 0.0545402
-1.70117 0.0545402
-1.7002 0.0545402
-1.69922 0.0545402
-1.69824 0.0545402
-1.69727 0.0545402
-1.69629 0.0545402
-1.69531 0.0545402
-1.69434 0.0545402
-1.69336 0.0545402
-1.69238 0.0545402
-1.69141 0.0545402
-1.69043 0.0545402
-1.68945 0.0545402
-1.68848 0.0545402
-1.6875 0.0545402
-1.68652 0.0545402
-1.68555 0.0545402
-1.68457 0.0545402
-1.68359 0.0545402
-1.68262 0.0545402
-1.68164 0.0545402
-1.68066 0.0545402
-1.67969 0.0545402
-1.67871 0.0545402
-1.67773 0.0545402
-1.67676 0.0545402
-1.67578 0.0545402
-1.6748 0.0545402
-1.67383 0.0545402
-1.67285 0.0545402
-1.67188 0.0545402
-1.6709 0.0545402
-1.66992 0.0545402
-1.66895 0.0545402
-1.66797 0.0545402
-1.66699 0.0545402
-1.66602 0.0545402
-1.66504 0.0545402
-1.66406 0.0545402
-1.66309 0.0545402
-1.66211 0.0545402
-1.66113 0.0545402
-1.66016 0.0545402
-1.65918 0.0545402
-1.6582 0.0545402
-1.65723 0.0545402
-1.65625 0.0545402
-1.65527 0.0545402
-1.6543 0.0545402
-1.65332 0.0545402
-1.65234 0.0545402
-1.65137 0.0545402
-1.65039 0.0545402
-1.64941 0.0545402
-1.64844 0.0545402
-1.64746 0.0545402
-1.64648 0.0545402
-1.64551 0.0545402
-1.64453 0.0545402
-1.64355 0.0545402
-1.64258 0.0545402
-1.6416 0.0545402
-1.64062 0.0545402
-1.63965 0.0545402
-1.63867 0.0545402
-1.6377 0.0545402
-1.63672 0.0545402
-1.63574 0.0545402
-1.63477 0.0545402
-1.63379 0.0545402
-1.63281 0.0545402
-1.63184 0.0545402
-1.63086 0.0545402
-1.62988 0.0545402
-1.62891 0.0545402
-1.62793 0.0545402
-1.62695 0.0545402
-1.62598 0.0545402
-1.625 0.0545402
-1.62402 0.0545402
-1.62305 0.0545402
-1.62207 0.0545402
-1.62109 0.0545402
-1.62012 0.0545402
-1.61914 0.0545402
-1.61816 0.0545402
-1.61719 0.0545402
-1.61621 0.0545402
-1.61523 0.0545402
-1.61426 0.0545402
-1.61328 0.0545402
-1.6123 0.0545402
-1.61133 0.0545402
-1.61035 0.0545402
-1.60938 0.0545402
-1.6084 0.0545402
-1.60742 0.0545402
-1.60645 0.0545402
-1.60547 0.0545402
-1.60449 0.0545402
-1.60352 0.0545402
-1.60254 0.0545402
-1.60156 0.0545402
-1.60059 0.0545402
-1.59961 0.0545402
-1.59863 0.0545402
-1.59766 0.0545402
-1.59668 0.0545402
-1.5957 0.0545402
-1.59473 0.0545402
-1.59375 0.0545402
-1.59277 0.0545402
-1.5918 0.0545402
-1.59082 0.0545402
-1.58984 0.0545402
-1.58887 0.0545402
-1.58789 0.0545402
-1.58691 0.0545402
-1.58594 0.0545402
-1.58496 0.0545402
-1.58398 0.0545402
-1.58301 0.0545402
-1.58203 0.0545402
-1.58105 0.0545402
-1.58008 0.0545402
-1.5791 0.0545402
-1.57812 0.0545402
-1.57715 0.0545402
-1.57617 0.0545402
-1.5752 0.0545402
-1.57422 0.0545402
-1.57324 0.0545402
-1.57227 0.0545402
-1.57129 0.0545402
-1.57031 0.0545402
-1.56934 0.0545402
-1.56836 0.0545402
-1.56738 0.0545402
-1.56641 0.0545402
-1.56543 0.0545402
-1.56445 0.0545402
-1.56348 0.0545402
-1.5625 0.0545402
-1.56152 0.0545402
-1.56055 0.0545402
-1.55957 0.0545402
-1.55859 0.0545402
-1.55762 0.0545402
-1.55664 0.0545402
-1.55566 0.0545402
-1.55469 0.0545402
-1.55371 0.0545402
-1.55273 0.0545402
-1.55176 0.0545402
-1.55078 0.0545402
-1.5498 0.0545402
-1.54883 0.0545402
-1.54785 0.0545402
-1.54688 0.0545402
-1.5459 0.0545402
-1.54492 0.0545402
-1.54395 0.0545402
-1.54297 0.0545402
-1.54199 0.0545402
-1.54102 0.0545402
-1.54004 0.0545402
-1.53906 0.0545402
-1.53809 0.0545402
-1.53711 0.0545402
-1.53613 0.0545402
-1.53516 0.0545402
-1.53418 0.0545402
-1.5332 0.0545402
-1.53223 0.0545402
-1.53125 0.0545402
-1.53027 0.0545402
-1.5293 0.0545402
-1.52832 0.0545402
-1.52734 0.0545402
-1.52637 0.0545402
-1.52539 0.0545402
-1.52441 0.0545402
-1.52344 0.0545402
-1.52246 0.0545402
-1.52148 0.0545402
-1.52051 0.0545402
-1.51953 0.0545402
-1.51855 0.0545402
-1.51758 0.0545402
-1.5166 0.0545402
-1.51562 0.0545402
-1.51465 0.0545402
-1.51367 0.0545402
-1.5127 0.0545402
-1.51172 0.0545402
-1.51074 0.0545402
-1.50977 0.0545402
-1.50879 0.0545402
-1.50781 0.0545402
-1.50684 0.0545402
-1.50586 0.0545402
-1.50488 0.0545402
-1.50391 0.0545402
-1.50293 0.0545402
-1.50195 0.0545402
-1.50098 0.0545402
-1.5 0.0545402
-1.49902 0.0545402
-1.49805 0.0545402
-1.49707 0.0545402
-1.49609 0.0545402
-1.49512 0.0545402
-1.49414 0.0545402
-1.49316 0.0545402
-1.49219 0.0545402
-1.49121 0.0545402
-1.49023 0.0545402
-1.48926 0.0545402
-1.48828 0.0545402
-1.4873 0.0545402
-1.48633 0.0545402
-1.48535 0.0545402
-1.48438 0.0545402
-1.4834 0.0545402
-1.48242 0.0545402
-1.48145 0.0545402
-1.48047 0.0545402
-1.47949 0.0545402
-1.47852 0.0545402
-1.47754 0.0545402
-1.47656 0.0545402
-1.47559 0.0545402
-1.47461 0.0545402
-1.47363 0.0545402
-1.47266 0.0545402
-1.47168 0.0545402
-1.4707 0.0545402
-1.46973 0.0545402
-1.46875 0.0545402
-1.46777 0.0545402
-1.4668 0.0545402
-1.46582 0.0545402
-1.46484 0.0545402
-1.46387 0.0545402
-1.46289 0.0545402
-1.46191 0.0545402
-1.46094 0.0545402
-1.45996 0.0545402
-1.45898 0.0545402
-1.45801 0.0545402
-1.45703 0.0545402
-1.45605 0.0545402
-1.45508 0.0545402
-1.4541 0.0545402
-1.45312 0.0545402
-1.45215 0.0545402
-1.45117 0.0545402
-1.4502 0.0545402
-1.44922 0.0545402
-1.44824 0.0545402
-1.44727 0.0545402
-1.44629 0.0545402
-1.44531 0.0545402
-1.44434 0.0545402
-1.44336 0.0545402
-1.44238 0.0545402
-1.44141 0.0545402
-1.44043 0.0545402
-1.43945 0.0545402
-1.43848 0.0545402
-1.4375 0.0545402
-1.43652 0.0545402
-1.43555 0.0545402
-1.43457 0.0545402
-1.43359 0.0545402
-1.43262 0.0545402
-1.43164 0.0545402
-1.43066 0.0545402
-1.42969 0.0545402
-1.42871 0.0545402
-1.42773 0.0545402
-1.42676 0.0545402
-1.42578 0.0545402
-1.4248 0.0545402
-1.42383 0.0545402
-1.42285 0.0545402
-1.42188 0.0545402
-1.4209 0.0545402
-1.41992 0.0545402
-1.41895 0.0545402
-1.41797 0.0545402
-1.41699 0.0545402
-1.41602 0.0545402
-1.41504 0.0545402
-1.41406 0.0545402
-1.41309 0.0545402
-1.41211 0.0545402
-1.41113 0.0545402
-1.41016 0.0545402
-1.40918 0.0545402
-1.4082 0.0545402
-1.40723 0.0545402
-1.40625 0.0545402
-1.40527 0.0545402
-1.4043 0.0545402
-1.40332 0.0545402
-1.40234 0.0545402
-1.40137 0.0545402
-1.40039 0.0545402
-1.39941 0.0545402
-1.39844 0.0545402
-1.39746 0.0545402
-1.39648 0.0545402
-1.39551 0.0545402
-1.39453 0.0545402
-1.39355 0.0545402
-1.39258 0.0545402
-1.3916 0.0545402
-1.39062 0.0545402
-1.38965 0.0545402
-1.38867 0.0545402
-1.3877 0.0545402
-1.38672 0.0545402
-1.38574 0.0545402
-1.38477 0.0545402
-1.38379 0.0545402
-1.38281 0.0545402
-1.38184 0.0545402
-1.38086 0.0545402
-1.37988 0.0545402
-1.37891 0.0545402
-1.37793 0.0545402
-1.37695 0.0545402
-1.37598 0.0545402
-1.375 0.0545402
-1.37402 0.0545402
-1.37305 0.0545402
-1.37207 0.0545402
-1.37109 0.0545402
-1.37012 0.0545402
-1.36914 0.0545402
-1.36816 0.0545402
-1.36719 0.0545402
-1.36621 0.0545402
-1.36523 0.0545402
-1.36426 0.0545402
-1.36328 0.0545402
-1.3623 0.0545402
-1.36133 0.0545402
-1.36035 0.0545402
-1.35938 0.0545402
-1.3584 0.0545402
-1.35742 0.0545402
-1.35645 0.0545402
-1.35547 0.0545402
-1.35449 0.0545402
-1.35352 0.0545402
-1.35254 0.0545402
-1.35156 0.0545402
-1.35059 0.0545402
-1.34961 0.0545402
-1.34863 0.0545402
-1.34766 0.0545402
-1.34668 0.0545402
-1.3457 0.0545402
-1.34473 0.0545402
-1.34375 0.0545402
-1.34277 0.0545402
-1.3418 0.0545402
-1.34082 0.0545402
-1.33984 0.0545402
-1.33887 0.0545402
-1.33789 0.0545402
-1.33691 0.0545402
-1.33594 0.0545402
-1.33496 0.0545402
-1.33398 0.0545402
-1.33301 0.0545402
-1.33203 0.0545402
-1.33105 0.0545402
-1.33008 0.0545402
-1.3291 0.0545402
-1.32812 0.0545402
-1.32715 0.0545402
-1.32617 0.0545402
-1.3252 0.0545402
-1.32422 0.0545402
-1.32324 0.0545402
-1.32227 0.0545402
-1.32129 0.0545402
-1.32031 0.0545402
-1.31934 0.0545402
-1.31836 0.0545402
-1.31738 0.0545402
-1.31641 0.0545402
-1.31543 0.0545402
-1.31445 0.0545402
-1.31348 0.0545402
-1.3125 0.0545402
-1.31152 0.0545402
-1.31055 0.0545402
-1.30957 0.0545402
-1.30859 0.0545402
-1.30762 0.0545402
-1.30664 0.0545402
-1.30566 0.0545402
-1.30469 0.0545402
-1.30371 0.0545402
-1.30273 0.0545402
-1.30176 0.0545402
-1.30078 0.0545402
-1.2998 0.0545402
-1.29883 0.0545402
-1.29785 0.0545402
-1.29688 0.0545402
-1.2959 0.0545402
-1.29492 0.0545402
-1.29395 0.0545402
-1.29297 0.0545402
-1.29199 0.0545402
-1.29102 0.0545402
-1.29004 0.0545402
-1.28906 0.0545402
-1.28809 0.0545402
-1.28711 0.0545402
-1.28613 0.0545402
-1.28516 0.0545402
-1.28418 0.0545402
-1.2832 0.0545402
-1.28223 0.0545402
-1.28125 0.0545402
-1.28027 0.0545402
-1.2793 0.0545402
-1.27832 0.0545402
-1.27734 0.0545402
-1.27637 0.0545402
-1.27539 0.0545402
-1.27441 0.0545402
-1.27344 0.0545402
-1.27246 0.0545402
-1.27148 0.0545402
-1.27051 0.0545402
-1.26953 0.0545402
-1.26855 0.0545402
-1.26758 0.0545402
-1.2666 0.0545402
-1.26562 0.0545402
-1.26465 0.0545402
-1.26367 0.0545402
-1.2627 0.0545402
-1.26172 0.0545402
-1.26074 0.0545402
-1.25977 0.0545402
-1.25879 0.0545402
-1.25781 0.0545402
-1.25684 0.0545402
-1.25586 0.0545402
-1.25488 0.0545402
-1.25391 0.0545402
-1.25293 0.0545402
-1.25195 0.0545402
-1.25098 0.0545402
-1.25 0.0545402
-1.24902 0.0545402
-1.24805 0.0545402
-1.24707 0.0545402
-1.24609 0.0545402
-1.24512 0.0545402
-1.24414 0.0545402
-1.24316 0.0545402
-1.24219 0.0545402
-1.24121 0.0545402
-1.24023 0.0545402
-1.23926 0.0545402
-1.23828 0.0545402
-1.2373 0.0545402
-1.23633 0.0545402
-1.23535 0.0545402
-1.23438 0.0545402
-1.2334 0.0545402
-1.23242 0.0545402
-1.23145 0.0545402
-1.23047 0.0545402
-1.22949 0.0545402
-1.22852 0.0545402
-1.22754 0.0545402
-1.22656 0.0545402
-1.22559 0.0545402
-1.22461 0.0545402
-1.22363 0.0545402
-1.22266 0.0545402
-1.22168 0.0545402
-1.2207 0.0545402
-1.21973 0.0545402
-1.21875 0.0545402
-1.21777 0.0545402
-1.2168 0.0545402
-1.21582 0.0545402
-1.21484 0.0545402
-1.21387 0.0545402
-1.21289 0.0545402
-1.21191 0.0545402
-1.21094 0.0545402
-1.20996 0.0545402
-1.20898 0.0545402
-1.20801 0.0545402
-1.20703 0.0545402
-1.20605 0.0545402
-1.20508 0.0545402
-1.2041 0.0545402
-1.20312 0.0545402
-1.20215 0.0545402
-1.20117 0.0545402
-1.2002 0.0545402
-1.19922 0.0545402
-1.19824 0.0545402
-1.19727 0.0545402
-1.19629 0.0545402
-1.19531 0.0545402
-1.19434 0.0545402
-1.19336 0.0545402
-1.19238 0.0545402
-1.19141 0.0545402
-1.19043 0.0545402
-1.18945 0.0545402
-1.18848 0.0545402
-1.1875 0.0545402
-1.18652 0.0545402
-1.18555 0.0545402
-1.18457 0.0545402
-1.18359 0.0545402
-1.18262 0.0545402
-1.18164 0.0545402
-1.18066 0.0545402
-1.17969 0.0545402
-1.17871 0.0545402
-1.17773 0.0545402
-1.17676 0.0545402
-1.17578 0.0545402
-1.1748 0.0545402
-1.17383 0.0545402
-1.17285 0.0545402
-1.17188 0.0545402
-1.1709 0.0545402
-1.16992 0.0545402
-1.16895 0.0545402
-1.16797 0.0545402
-1.16699 0.0545402
-1.16602 0.0545402
-1.16504 0.0545402
-1.16406 0.0545402
-1.16309 0.0545402
-1.16211 0.0545402
-1.16113 0.0545402
-1.16016 0.0545402
-1.15918 0.0545402
-1.1582 0.0545402
-1.15723 0.0545402
-1.15625 0.0545402
-1.15527 0.0545402
-1.1543 0.0545402
-1.15332 0.0545402
-1.15234 0.0545402
-1.15137 0.0545402
-1.15039 0.0545402
-1.14941 0.0545402
-1.14844 0.0545402
-1.14746 0.0545402
-1.14648 0.0545402
-1.14551 0.0545402
-1.14453 0.0545402
-1.14355 0.0545402
-1.14258 0.0545402
-1.1416 0.0545402
-1.14062 0.0545402
-1.13965 0.0545402
-1.13867 0.0545402
-1.1377 0.0545402
-1.13672 0.0545402
-1.13574 0.0545402
-1.13477 0.0545402
-1.13379 0.0545402
-1.13281 0.0545402
-1.13184 0.0545402
-1.13086 0.0545402
-1.12988 0.0545402
-1.12891 0.0545402
-1.12793 0.0545402
-1.12695 0.0545402
-1.12598 0.0545402
-1.125 0.0545402
-1.12402 0.0545402
-1.12305 0.0545402
-1.12207 0.0545402
-1.12109 0.0545402
-1.12012 0.0545402
-1.11914 0.0545402
-1.11816 0.0545402
-1.11719 0.0545402
-1.11621 0.0545402
-1.11523 0.0545402
-1.11426 0.0545402
-1.11328 0.0545402
-1.1123 0.0545402
-1.11133 0.0545402
-1.11035 0.0545402
-1.10938 0.0545402
-1.1084 0.0545402
-1.10742 0.0545402
-1.10645 0.0545402
-1.10547 0.0545402
-1.10449 0.0545402
-1.10352 0.0545402
-1.10254 0.0545402
-1.10156 0.0545402
-1.10059 0.0545402
-1.09961 0.0545402
-1.09863 0.0545402
-1.09766 0.0545402
-1.09668 0.0545402
-1.0957 0.0545402
-1.09473 0.0545402
-1.09375 0.0545402
-1.09277 0.0545402
-1.0918 0.0545402
-1.09082 0.0545402
-1.08984 0.0545402
-1.08887 0.0545402
-1.08789 0.0545402
-1.08691 0.0545402
-1.08594 0.0545402
-1.08496 0.0545402
-1.08398 0.0545402
-1.08301 0.0545402
-1.08203 0.0545402
-1.08105 0.0545402
-1.08008 0.0545402
-1.0791 0.0545402
-1.07812 0.0545402
-1.07715 0.0545402
-1.07617 0.0545402
-1.0752 0.0545402
-1.07422 0.0545402
-1.07324 0.0545402
-1.07227 0.0545402
-1.07129 0.0545402
-1.07031 0.0545402
-1.06934 0.0545402
-1.06836 0.0545402
-1.06738 0.0545402
-1.06641 0.0545402
-1.06543 0.0545402
-1.06445 0.0545402
-1.06348 0.0545402
-1.0625 0.0545402
-1.06152 0.0545402
-1.06055 0.0545402
-1.05957 0.0545402
-1.05859 0.0545402
-1.05762 0.0545402
-1.05664 0.0545402
-1.05566 0.0545402
-1.05469 0.0545402
-1.05371 0.0545402
-1.05273 0.0545402
-1.05176 0.0545402
-1.05078 0.0545402
-1.0498 0.0545402
-1.04883 0.0545402
-1.04785 0.0545402
-1.04688 0.0545402
-1.0459 0.0545402
-1.04492 0.0545402
-1.04395 0.0545402
-1.04297 0.0545402
-1.04199 0.0545402
-1.04102 0.0545402
-1.04004 0.0545402
-1.03906 0.0545402
-1.03809 0.0545402
-1.03711 0.0545402
-1.03613 0.0545402
-1.03516 0.0545402
-1.03418 0.0545402
-1.0332 0.0545402
-1.03223 0.0545402
-1.03125 0.0545402
-1.03027 0.0545402
-1.0293 0.0545402
-1.02832 0.0545402
-1.02734 0.0545402
-1.02637 0.0545402
-1.02539 0.0545402
-1.02441 0.0545402
-1.02344 0.0545402
-1.02246 0.0545402
-1.02148 0.0545402
-1.02051 0.0545402
-1.01953 0.0545402
-1.01855 0.0545402
-1.01758 0.0545402
-1.0166 0.0545402
-1.01562 0.0545402
-1.01465 0.0545402
-1.01367 0.0545402
-1.0127 0.0545402
-1.01172 0.0545402
-1.01074 0.0545402
-1.00977 0.0545402
-1.00879 0.0545402
-1.00781 0.0545402
-1.00684 0.0545402
-1.00586 0.0545402
-1.00488 0.0545402
-1.00391 0.0545402
-1.00293 0.0545402
-1.00195 0.0545402
-1.00098 0.0545402
-1 0.0545402
-0.999023 0.0545402
-0.998047 0.0545402
-0.99707 0.0545402
-0.996094 0.0545402
-0.995117 0.0545402
-0.994141 0.0545402
-0.993164 0.0545402
-0.992188 0.0545402
-0.991211 0.0545402
-0.990234 0.0545402
-0.989258 0.0545402
-0.988281 0.0545402
-0.987305 0.0545402
-0.986328 0.0545402
-0.985352 0.0545402
-0.984375 0.0545402
-0.983398 0.0545402
-0.982422 0.0545402
-0.981445 0.0545402
-0.980469 0.0545402
-0.979492 0.0545402
-0.978516 0.0545402
-0.977539 0.0545402
-0.976562 0.0545402
-0.975586 0.0545402
-0.974609 0.0545402
-0.973633 0.0545402
-0.972656 0.0545402
-0.97168 0.0545402
-0.970703 0.0545402
-0.969727 0.0545402
-0.96875 0.0545402
-0.967773 0.0545402
-0.966797 0.0545402
-0.96582 0.0545402
-0.964844 0.0545402
-0.963867 0.0545402
-0.962891 0.0545402
-0.961914 0.0545402
-0.960938 0.0545402
-0.959961 0.0545402
-0.958984 0.0545402
-0.958008 0.0545402
-0.957031 0.0545402
-0.956055 0.0545402
-0.955078 0.0545402
-0.954102 0.0545402
-0.953125 0.0545402
-0.952148 0.0545402
-0.951172 0.0545402
-0.950195 0.0545402
-0.949219 0.0545402
-0.948242 0.0545402
-0.947266 0.0545402
-0.946289 0.0545402
-0.945312 0.0545402
-0.944336 0.0545402
-0.943359 0.0545402
-0.942383 0.0545402
-0.941406 0.0545402
-0.94043 0.0545402
-0.939453 0.0545402
-0.938477 0.0545402
-0.9375 0.0545402
-0.936523 0.0545402
-0.935547 0.0545402
-0.93457 0.0545402
-0.933594 0.0545402
-0.932617 0.0545402
-0.931641 0.0545402
-0.930664 0.0545402
-0.929688 0.0545402
-0.928711 0.0545402
-0.927734 0.0545402
-0.926758 0.0545402
-0.925781 0.0545402
-0.924805 0.0545402
-0.923828 0.0545402
-0.922852 0.0545402
-0.921875 0.0545402
-0.920898 0.0545402
-0.919922 0.0545402
-0.918945 0.0545402
-0.917969 0.0545402
-0.916992 0.0545402
-0.916016 0.0545402
-0.915039 0.0545402
-0.914062 0.0545402
-0.913086 0.0545402
-0.912109 0.0545402
-0.911133 0.0545402
-0.910156 0.0545402
-0.90918 0.0545402
-0.908203 0.0545402
-0.907227 0.0545402
-0.90625 0.0545402
-0.905273 0.0545402
-0.904297 0.0545402
-0.90332 0.0545402
-0.902344 0.0545402
-0.901367 0.0545402
-0.900391 0.0545402
-0.899414 0.0545402
-0.898438 0.0545402
-0.897461 0.0545402
-0.896484 0.0545402
-0.895508 0.0545402
-0.894531 0.0545402
-0.893555 0.0545402
-0.892578 0.0545402
-0.891602 0.0545402
-0.890625 0.0545402
-0.889648 0.0545402
-0.888672 0.0545402
-0.887695 0.0545402
-0.886719 0.0545402
-0.885742 0.0545402
-0.884766 0.0545402
-0.883789 0.0545402
-0.882812 0.0545402
-0.881836 0.0545402
-0.880859 0.0545402
-0.879883 0.0545402
-0.878906 0.0545402
-0.87793 0.0545402
-0.876953 0.0545402
-0.875977 0.0545402
-0.875 0.0545402
-0.874023 0.0545402
-0.873047 0.0545402
-0.87207 0.0545402
-0.871094 0.0545402
-0.870117 0.0545402
-0.869141 0.0545402
-0.868164 0.0545402
-0.867188 0.0545402
-0.866211 0.0545402
-0.865234 0.0545402
-0.864258 0.0545402
-0.863281 0.0545402
-0.862305 0.0545402
-0.861328 0.0545402
-0.860352 0.0545402
-0.859375 0.0545402
-0.858398 0.0545402
-0.857422 0.0545402
-0.856445 0.0545402
-0.855469 0.0545402
-0.854492 0.0545402
-0.853516 0.0545402
-0.852539 0.0545402
-0.851562 0.0545402
-0.850586 0.0545402
-0.849609 0.0545402
-0.848633 0.0545402
-0.847656 0.0545402
-0.84668 0.0545402
-0.845703 0.0545402
-0.844727 0.0545402
-0.84375 0.0545402
-0.842773 0.0545402
-0.841797 0.0545402
-0.84082 0.0545402
-0.839844 0.0545402
-0.838867 0.0545402
-0.837891 0.0545402
-0.836914 0.0545402
-0.835938 0.0545402
-0.834961 0.0545402
-0.833984 0.0545402
-0.833008 0.0545402
-0.832031 0.0545402
-0.831055 0.0545402
-0.830078 0.0545402
-0.829102 0.0545402
-0.828125 0.0545402
-0.827148 0.0545402
-0.826172 0.0545402
-0.825195 0.0545402
-0.824219 0.0545402
-0.823242 0.0545402
-0.822266 0.0545402
-0.821289 0.0545402
-0.820312 0.0545402
-0.819336 0.0545402
-0.818359 0.0545402
-0.817383 0.0545402
-0.816406 0.0545402
-0.81543 0.0545402
-0.814453 0.0545402
-0.813477 0.0545402
-0.8125 0.0545402
-0.811523 0.0545402
-0.810547 0.0545402
-0.80957 0.0545402
-0.808594 0.0545402
-0.807617 0.0545402
-0.806641 0.0545402
-0.805664 0.0545402
-0.804688 0.0545402
-0.803711 0.0545402
-0.802734 0.0545402
-0.801758 0.0545402
-0.800781 0.0545402
-0.799805 0.0545402
-0.798828 0.0545402
-0.797852 0.0545402
-0.796875 0.0545402
-0.795898 0.0545402
-0.794922 0.0545402
-0.793945 0.0545402
-0.792969 0.0545402
-0.791992 0.0545402
-0.791016 0.0545402
-0.790039 0.0545402
-0.789062 0.0545402
-0.788086 0.0545402
-0.787109 0.0545402
-0.786133 0.0545402
-0.785156 0.0545402
-0.78418 0.0545402
-0.783203 0.0545402
-0.782227 0.0545402
-0.78125 0.0545402
-0.780273 0.0545402
-0.779297 0.0545402
-0.77832 0.0545402
-0.777344 0.0545402
-0.776367 0.0545402
-0.775391 0.0545402
-0.774414 0.0545402
-0.773438 0.0545402
-0.772461 0.0545402
-0.771484 0.0545402
-0.770508 0.0545402
-0.769531 0.0545402
-0.768555 0.0545402
-0.767578 0.0545402
-0.766602 0.0545402
-0.765625 0.0545402
-0.764648 0.0545402
-0.763672 0.0545402
-0.762695 0.0545402
-0.761719 0.0545402
-0.760742 0.0545402
-0.759766 0.0545402
-0.758789 0.0545402
-0.757812 0.0545402
-0.756836 0.0545402
-0.755859 0.0545402
-0.754883 0.0545402
-0.753906 0.0545402
-0.75293 0.0545402
-0.751953 0.0545402
-0.750977 0.0545402
-0.75 0.0545402
-0.749023 0.0545402
-0.748047 0.0545402
-0.74707 0.0545402
-0.746094 0.0545402
-0.745117 0.0545402
-0.744141 0.0545402
-0.743164 0.0545402
-0.742188 0.0545402
-0.741211 0.0545402
-0.740234 0.0545402
-0.739258 0.0545402
-0.738281 0.0545402
-0.737305 0.0545402
-0.736328 0.0545402
-0.735352 0.0545402
-0.734375 0.0545402
-0.733398 0.0545402
-0.732422 0.0545402
-0.731445 0.0545402
-0.730469 0.0545402
-0.729492 0.0545402
-0.728516 0.0545402
-0.727539 0.0545402
-0.726562 0.0545402
-0.725586 0.0545402
-0.724609 0.0545402
-0.723633 0.0545402
-0.722656 0.0545402
-0.72168 0.0545402
-0.720703 0.0545402
-0.719727 0.0545402
-0.71875 0.0545402
-0.717773 0.0545402
-0.716797 0.0545402
-0.71582 0.0545402
-0.714844 0.0545402
-0.713867 0.0545402
-0.712891 0.0545402
-0.711914 0.0545402
-0.710938 0.0545402
-0.709961 0.0545402
-0.708984 0.0545402
-0.708008 0.0545402
-0.707031 0.0545402
-0.706055 0.0545402
-0.705078 0.0545402
-0.704102 0.0545402
-0.703125 0.0545402
-0.702148 0.0545402
-0.701172 0.0545402
-0.700195 0.0545402
-0.699219 0.0545402
-0.698242 0.0545402
-0.697266 0.0545402
-0.696289 0.0545402
-0.695312 0.0545402
-0.694336 0.0545402
-0.693359 0.0545402
-0.692383 0.0545402
-0.691406 0.0545402
-0.69043 0.0545402
-0.689453 0.0545402
-0.688477 0.0545402
-0.6875 0.0545402
-0.686523 0.0545402
-0.685547 0.0545402
-0.68457 0.0545402
-0.683594 0.0545402
-0.682617 0.0545402
-0.681641 0.0545402
-0.680664 0.0545402
-0.679688 0.0545402
-0.678711 0.0545402
-0.677734 0.0545402
-0.676758 0.0545402
-0.675781 0.0545402
-0.674805 0.0545402
-0.673828 0.0545402
-0.672852 0.0545402
-0.671875 0.0545402
-0.670898 0.0545402
-0.669922 0.0545402
-0.668945 0.0545402
-0.667969 0.0545402
-0.666992 0.0545402
-0.666016 0.0545402
-0.665039 0.0545402
-0.664062 0.0545402
-0.663086 0.0545402
-0.662109 0.0545402
-0.661133 0.0545402
-0.660156 0.0545402
-0.65918 0.0545402
-0.658203 0.0545402
-0.657227 0.0545402
-0.65625 0.0545402
-0.655273 0.0545402
-0.654297 0.0545402
-0.65332 0.0545402
-0.652344 0.0545402
-0.651367 0.0545402
-0.650391 0.0545402
-0.649414 0.0545402
-0.648438 0.0545402
-0.647461 0.0545402
-0.646484 0.0545402
-0.645508 0.0545402
-0.644531 0.0545402
-0.643555 0.0545402
-0.642578 0.0545402
-0.641602 0.0545402
-0.640625 0.0545402
-0.639648 0.0545402
-0.638672 0.0545402
-0.637695 0.0545402
-0.636719 0.0545402
-0.635742 0.0545402
-0.634766 0.0545402
-0.633789 0.0545402
-0.632812 0.0545402
-0.631836 0.0545402
-0.630859 0.0545402
-0.629883 0.0545402
-0.628906 0.0545402
-0.62793 0.0545402
-0.626953 0.0545402
-0.625977 0.0545402
-0.625 0.0545402
-0.624023 0.0545402
-0.623047 0.0545402
-0.62207 0.0545402
-0.621094 0.0545402
-0.620117 0.0545402
-0.619141 0.0545402
-0.618164 0.0545402
-0.617188 0.0545402
-0.616211 0.0545402
-0.615234 0.0545402
-0.614258 0.0545402
-0.613281 0.0545402
-0.612305 0.0545402
-0.611328 0.0545402
-0.610352 0.0545402
-0.609375 0.0545402
-0.608398 0.0545402
-0.607422 0.0545402
-0.606445 0.0545402
-0.605469 0.0545402
-0.604492 0.0545402
-0.603516 0.0545402
-0.602539 0.0545402
-0.601562 0.0545402
-0.600586 0.0545402
-0.599609 0.0545402
-0.598633 0.0545402
-0.597656 0.0545402
-0.59668 0.0545402
-0.595703 0.0545402
-0.594727 0.0545402
-0.59375 0.0545402
-0.592773 0.0545402
-0.591797 0.0545402
-0.59082 0.0545402
-0.589844 0.0545402
-0.588867 0.0545402
-0.587891 0.0545402
-0.586914 0.0545402
-0.585938 0.0545402
-0.584961 0.0545402
-0.583984 0.0545402
-0.583008 0.0545402
-0.582031 0.0545402
-0.581055 0.0545402
-0.580078 0.0545402
-0.579102 0.0545402
-0.578125 0.0545402
-0.577148 0.0545402
-0.576172 0.0545402
-0.575195 0.0545402
-0.574219 0.0545402
-0.573242 0.0545402
-0.572266 0.0545402
-0.571289 0.0545402
-0.570312 0.0545402
-0.569336 0.0545402
-0.568359 0.0545402
-0.567383 0.0545402
-0.566406 0.0545402
-0.56543 0.0545402
-0.564453 0.0545402
-0.563477 0.0545402
-0.5625 0.0545402
-0.561523 0.0545402
-0.560547 0.0545402
-0.55957 0.0545402
-0.558594 0.0545402
-0.557617 0.0545402
-0.556641 0.0545402
-0.555664 0.0545402
-0.554688 0.0545402
-0.553711 0.0545402
-0.552734 0.0545402
-0.551758 0.0545402
-0.550781 0.0545402
-0.549805 0.0545402
-0.548828 0.0545402
-0.547852 0.0545402
-0.546875 0.0545402
-0.545898 0.0545402
-0.544922 0.0545402
-0.543945 0.0545402
-0.542969 0.0545402
-0.541992 0.0545402
-0.541016 0.0545402
-0.540039 0.0545402
-0.539062 0.0545402
-0.538086 0.0545402
-0.537109 0.0545402
-0.536133 0.0545402
-0.535156 0.0545402
-0.53418 0.0545402
-0.533203 0.0545402
-0.532227 0.0545402
-0.53125 0.0545402
-0.530273 0.0545402
-0.529297 0.0545402
-0.52832 0.0545402
-0.527344 0.0545402
-0.526367 0.0545402
-0.525391 0.0545402
-0.524414 0.0545402
-0.523438 0.0545402
-0.522461 0.0545402
-0.521484 0.0545402
-0.520508 0.0545402
-0.519531 0.0545402
-0.518555 0.0545402
-0.517578 0.0545402
-0.516602 0.0545402
-0.515625 0.0545402
-0.514648 0.0545402
-0.513672 0.0545402
-0.512695 0.0545402
-0.511719 0.0545402
-0.510742 0.0545402
-0.509766 0.0545402
-0.508789 0.0545402
-0.507812 0.0545402
-0.506836 0.0545402
-0.505859 0.0545402
-0.504883 0.0545402
-0.503906 0.0545402
-0.50293 0.0545402
-0.501953 0.0545402
-0.500977 0.0545402
-0.5 0.0545402
-0.499023 0.0545402
-0.498047 0.0545402
-0.49707 0.0545402
-0.496094 0.0545402
-0.495117 0.0545402
-0.494141 0.0545402
-0.493164 0.0545402
-0.492188 0.0545402
-0.491211 0.0545402
-0.490234 0.0545402
-0.489258 0.0545402
-0.488281 0.0545402
-0.487305 0.0545402
-0.486328 0.0545402
-0.485352 0.0545402
-0.484375 0.0545402
-0.483398 0.0545402
-0.482422 0.0545402
-0.481445 0.0545402
-0.480469 0.0545402
-0.479492 0.0545402
-0.478516 0.0545402
-0.477539 0.0545402
-0.476562 0.0545402
-0.475586 0.0545402
-0.474609 0.0545402
-0.473633 0.0545402
-0.472656 0.0545402
-0.47168 0.0545402
-0.470703 0.0545402
-0.469727 0.0545402
-0.46875 0.0545402
-0.467773 0.0545402
-0.466797 0.0545402
-0.46582 0.0545402
-0.464844 0.0545402
-0.463867 0.0545402
-0.462891 0.0545402
-0.461914 0.0545402
-0.460938 0.0545402
-0.459961 0.0545402
-0.458984 0.0545402
-0.458008 0.0545402
-0.457031 0.0545402
-0.456055 0.0545402
-0.455078 0.0545402
-0.454102 0.0545402
-0.453125 0.0545402
-0.452148 0.0545402
-0.451172 0.0545402
-0.450195 0.0545402
-0.449219 0.0545402
-0.448242 0.0545402
-0.447266 0.0545402
-0.446289 0.0545402
-0.445312 0.0545402
-0.444336 0.0545402
-0.443359 0.0545402
-0.442383 0.0545402
-0.441406 0.0545402
-0.44043 0.0545402
-0.439453 0.0545402
-0.438477 0.0545402
-0.4375 0.0545402
-0.436523 0.0545402
-0.435547 0.0545402
-0.43457 0.0545402
-0.433594 0.0545402
-0.432617 0.0545402
-0.431641 0.0545402
-0.430664 0.0545402
-0.429688 0.0545402
-0.428711 0.0545402
-0.427734 0.0545402
-0.426758 0.0545402
-0.425781 0.0545402
-0.424805 0.0545402
-0.423828 0.0545402
-0.422852 0.0545402
-0.421875 0.0545402
-0.420898 0.0545402
-0.419922 0.0545402
-0.418945 0.0545402
-0.417969 0.0545402
-0.416992 0.0545402
-0.416016 0.0545402
-0.415039 0.0545402
-0.414062 0.0545402
-0.413086 0.0545402
-0.412109 0.0545402
-0.411133 0.0545402
-0.410156 0.0545402
-0.40918 0.0545402
-0.408203 0.0545402
-0.407227 0.0545402
-0.40625 0.0545402
-0.405273 0.0545402
-0.404297 0.0545402
-0.40332 0.0545402
-0.402344 0.0545402
-0.401367 0.0545402
-0.400391 0.0545402
-0.399414 0.0545402
-0.398438 0.0545402
-0.397461 0.0545402
-0.396484 0.0545402
-0.395508 0.0545402
-0.394531 0.0545402
-0.393555 0.0545402
-0.392578 0.0545402
-0.391602 0.0545402
-0.390625 0.0545402
-0.389648 0.0545402
-0.388672 0.0545402
-0.387695 0.0545402
-0.386719 0.0545402
-0.385742 0.0545402
-0.384766 0.0545402
-0.383789 0.0545402
-0.382812 0.0545402
-0.381836 0.0545402
-0.380859 0.0545402
-0.379883 0.0545402
-0.378906 0.0545402
-0.37793 0.0545402
-0.376953 0.0545402
-0.375977 0.0545402
-0.375 0.0545402
-0.374023 0.0545402
-0.373047 0.0545402
-0.37207 0.0545402
-0.371094 0.0545402
-0.370117 0.0545402
-0.369141 0.0545402
-0.368164 0.0545402
-0.367188 0.0545402
-0.366211 0.0545402
-0.365234 0.0545402
-0.364258 0.0545402
-0.363281 0.0545402
-0.362305 0.0545402
-0.361328 0.0545402
-0.360352 0.0545402
-0.359375 0.0545402
-0.358398 0.0545402
-0.357422 0.0545402
-0.356445 0.0545402
-0.355469 0.0545402
-0.354492 0.0545402
-0.353516 0.0545402
-0.352539 0.0545402
-0.351562 0.0545402
-0.350586 0.0545402
-0.349609 0.0545402
-0.348633 0.0545402
-0.347656 0.0545402
-0.34668 0.0545402
-0.345703 0.0545402
-0.344727 0.0545402
-0.34375 0.0545402
-0.342773 0.0545402
-0.341797 0.0545402
-0.34082 0.0545402
-0.339844 0.0545402
-0.338867 0.0545402
-0.337891 0.0545402
-0.336914 0.0545402
-0.335938 0.0545402
-0.334961 0.0545402
-0.333984 0.0545402
-0.333008 0.0545402
-0.332031 0.0545402
-0.331055 0.0545402
-0.330078 0.0545402
-0.329102 0.0545402
-0.328125 0.0545402
-0.327148 0.0545402
-0.326172 0.0545402
-0.325195 0.0545402
-0.324219 0.0545402
-0.323242 0.0545402
-0.322266 0.0545402
-0.321289 0.0545402
-0.320312 0.0545402
-0.319336 0.0545402
-0.318359 0.0545402
-0.317383 0.0545402
-0.316406 0.0545402
-0.31543 0.0545402
-0.314453 0.0545402
-0.313477 0.0545402
-0.3125 0.0545402
-0.311523 0.0545402
-0.310547 0.0545402
-0.30957 0.0545402
-0.308594 0.0545402
-0.307617 0.0545402
-0.306641 0.0545402
-0.305664 0.0545402
-0.304688 0.0545402
-0.303711 0.0545402
-0.302734 0.0545402
-0.301758 0.0545402
-0.300781 0.0545402
-0.299805 0.0545402
-0.298828 0.0545402
-0.297852 0.0545402
-0.296875 0.0545402
-0.295898 0.0545402
-0.294922 0.0545402
-0.293945 0.0545402
-0.292969 0.0545402
-0.291992 0.0545402
-0.291016 0.0545402
-0.290039 0.0545402
-0.289062 0.0545402
-0.288086 0.0545402
-0.287109 0.0545402
-0.286133 0.0545402
-0.285156 0.0545402
-0.28418 0.0545402
-0.283203 0.0545402
-0.282227 0.0545402
-0.28125 0.0545402
-0.280273 0.0545402
-0.279297 0.0545402
-0.27832 0.0545402
-0.277344 0.0545402
-0.276367 0.0545402
-0.275391 0.0545402
-0.274414 0.0545402
-0.273438 0.0545402
-0.272461 0.0545402
-0.271484 0.0545402
-0.270508 0.0545402
-0.269531 0.0545402
-0.268555 0.0545402
-0.267578 0.0545402
-0.266602 0.0545402
-0.265625 0.0545402
-0.264648 0.0545402
-0.263672 0.0545402
-0.262695 0.0545402
-0.261719 0.0545402
-0.260742 0.0545402
-0.259766 0.0545402
-0.258789 0.0545402
-0.257812 0.0545402
-0.256836 0.0545402
-0.255859 0.0545402
-0.254883 0.0545402
-0.253906 0.0545402
-0.25293 0.0545402
-0.251953 0.0545402
-0.250977 0.0545402
-0.25 0.0545402
-0.249023 0.0545402
-0.248047 0.0545402
-0.24707 0.0545402
-0.246094 0.0545402
-0.245117 0.0545402
-0.244141 0.0545402
-0.243164 0.0545402
-0.242188 0.0545402
-0.241211 0.0545402
-0.240234 0.0545402
-0.239258 0.0545402
-0.238281 0.0545402
-0.237305 0.0545402
-0.236328 0.0545402
-0.235352 0.0545402
-0.234375 0.0545402
-0.233398 0.0545402
-0.232422 0.0545402
-0.231445 0.0545402
-0.230469 0.0545402
-0.229492 0.0545402
-0.228516 0.0545402
-0.227539 0.0545402
-0.226562 0.0545402
-0.225586 0.0545402
-0.224609 0.0545402
-0.223633 0.0545402
-0.222656 0.0545402
-0.22168 0.0545402
-0.220703 0.0545402
-0.219727 0.0545402
-0.21875 0.0545402
-0.217773 0.0545402
-0.216797 0.0545402
-0.21582 0.0545402
-0.214844 0.0545402
-0.213867 0.0545402
-0.212891 0.0545402
-0.211914 0.0545402
-0.210938 0.0545402
-0.209961 0.0545402
-0.208984 0.0545402
-0.208008 0.0545402
-0.207031 0.0545402
-0.206055 0.0545402
-0.205078 0.0545402
-0.204102 0.0545402
-0.203125 0.0545402
-0.202148 0.0545402
-0.201172 0.0545402
-0.200195 0.0545402
-0.199219 0.0545402
-0.198242 0.0545402
-0.197266 0.0545402
-0.196289 0.0545402
-0.195312 0.0545402
-0.194336 0.0545402
-0.193359 0.0545402
-0.192383 0.0545402
-0.191406 0.0545402
-0.19043 0.0545402
-0.189453 0.0545402
-0.188477 0.0545402
-0.1875 0.0545402
-0.186523 0.0545402
-0.185547 0.0545402
-0.18457 0.0545402
-0.183594 0.0545402
-0.182617 0.0545402
-0.181641 0.0545402
-0.180664 0.0545402
-0.179688 0.0545402
-0.178711 0.0545402
-0.177734 0.0545402
-0.176758 0.0545402
-0.175781 0.0545402
-0.174805 0.0545402
-0.173828 0.0545402
-0.172852 0.0545402
-0.171875 0.0545402
-0.170898 0.0545402
-0.169922 0.0545402
-0.168945 0.0545402
-0.167969 0.0545402
-0.166992 0.0545402
-0.166016 0.0545402
-0.165039 0.0545402
-0.164062 0.0545402
-0.163086 0.0545402
-0.162109 0.0545402
-0.161133 0.0545402
-0.160156 0.0545402
-0.15918 0.0545402
-0.158203 0.0545402
-0.157227 0.0545402
-0.15625 0.0545402
-0.155273 0.0545402
-0.154297 0.0545402
-0.15332 0.0545402
-0.152344 0.0545402
-0.151367 0.0545402
-0.150391 0.0545402
-0.149414 0.0545402
-0.148438 0.0545402
-0.147461 0.0545402
-0.146484 0.0545402
-0.145508 0.0545402
-0.144531 0.0545402
-0.143555 0.0545402
-0.142578 0.0545402
-0.141602 0.0545402
-0.140625 0.0545402
-0.139648 0.0545402
-0.138672 0.0545402
-0.137695 0.0545402
-0.136719 0.0545402
-0.135742 0.0545402
-0.134766 0.0545402
-0.133789 0.0545402
-0.132812 0.0545402
-0.131836 0.0545402
-0.130859 0.0545402
-0.129883 0.0545402
-0.128906 0.0545402
-0.12793 0.0545402
-0.126953 0.0545402
-0.125977 0.0545402
-0.125 0.0545402
-0.124023 0.0545402
-0.123047 0.0545402
-0.12207 0.0545402
-0.121094 0.0545402
-0.120117 0.0545402
-0.119141 0.0545402
-0.118164 0.0545402
-0.117188 0.0545402
-0.116211 0.0545402
-0.115234 0.0545402
-0.114258 0.0545402
-0.113281 0.0545402
-0.112305 0.0545402
-0.111328 0.0545402
-0.110352 0.0545402
-0.109375 0.0545402
-0.108398 0.0545402
-0.107422 0.0545402
-0.106445 0.0545402
-0.105469 0.0545402
-0.104492 0.0545402
-0.103516 0.0545402
-0.102539 0.0545402
-0.101562 0.0545402
-0.100586 0.0545402
-0.0996094 0.0545402
-0.0986328 0.0545402
-0.0976562 0.0545402
-0.0966797 0.0545402
-0.0957031 0.0545402
-0.0947266 0.0545402
-0.09375 0.0545402
-0.0927734 0.0545402
-0.0917969 0.0545402
-0.0908203 0.0545402
-0.0898438 0.0545402
-0.0888672 0.0545402
-0.0878906 0.0545402
-0.0869141 0.0545402
-0.0859375 0.0545402
-0.0849609 0.0545402
-0.0839844 0.0545402
-0.0830078 0.0545402
-0.0820312 0.0545402
-0.0810547 0.0545402
-0.0800781 0.0545402
-0.0791016 0.0545402
-0.078125 0.0545402
-0.0771484 0.0545402
-0.0761719 0.0545402
-0.0751953 0.0545402
-0.0742188 0.0545402
-0.0732422 0.0545402
-0.0722656 0.0545402
-0.0712891 0.0545402
-0.0703125 0.0545402
-0.0693359 0.0545402
-0.0683594 0.0545402
-0.0673828 0.0545402
-0.0664062 0.0545402
-0.0654297 0.0545402
-0.0644531 0.0545402
-0.0634766 0.0545402
-0.0625 0.0545402
-0.0615234 0.0545402
-0.0605469 0.0545402
-0.0595703 0.0545402
-0.0585938 0.0545402
-0.0576172 0.0545402
-0.0566406 0.0545402
-0.0556641 0.0545402
-0.0546875 0.0545402
-0.0537109 0.0545402
-0.0527344 0.0545402
-0.0517578 0.0545402
-0.0507812 0.0545402
-0.0498047 0.0545402
-0.0488281 0.0545402
-0.0478516 0.0545402
-0.046875 0.0545402
-0.0458984 0.0545402
-0.0449219 0.0545402
-0.0439453 0.0545402
-0.0429688 0.0545402
-0.0419922 0.0545402
-0.0410156 0.0545402
-0.0400391 0.0545402
-0.0390625 0.0545402
-0.0380859 0.0545402
-0.0371094 0.0545402
-0.0361328 0.0545402
-0.0351562 0.0545402
-0.0341797 0.0545402
-0.0332031 0.0545402
-0.0322266 0.0545402
-0.03125 0.0545402
-0.0302734 0.0545402
-0.0292969 0.0545402
-0.0283203 0.0545402
-0.0273438 0.0545402
-0.0263672 0.0545402
-0.0253906 0.0545402
-0.0244141 0.0545402
-0.0234375 0.0545402
-0.0224609 0.0545402
-0.0214844 0.0545402
-0.0205078 0.0545402
-0.0195312 0.0545402
-0.0185547 0.0545402
-0.0175781 0.0545402
-0.0166016 0.0545402
-0.015625 0.0545402
-0.0146484 0.0545402
-0.0136719 0.0545402
-0.0126953 0.0545402
-0.0117188 0.0545402
-0.0107422 0.0545402
-0.00976562 0.0545402
-0.00878906 0.0545402
-0.0078125 0.0545402
-0.00683594 0.0545402
-0.00585938 0.0545402
-0.00488281 0.0545402
-0.00390625 0.0545402
-0.00292969 0.0545402
-0.00195312 0.0545402
-0.000976562 0.0545402
0 0.0545402
0 0.0220784
0 0.0220784
-0.000976562 0.0220276
-0.00195312 0.0220008
-0.00292969 0.0219556
-0.00390625 0.0218457
-0.00488281 0.0216406
-0.00585938 0.0213388
-0.00683594 0.0209675
-0.0078125 0.0205704
-0.00878906 0.0201892
-0.00976562 0.019849
-0.0107422 0.0195525
-0.0117188 0.0192868
-0.0126953 0.0190374
-0.0136719 0.0188024
-0.0146484 0.0185984
-0.015625 0.0184547
-0.0166016 0.0184
-0.0175781 0.0184467
-0.0185547 0.0185818
-0.0195312 0.01877
-0.0205078 0.0189676
-0.0214844 0.0191394
-0.0224609 0.0192735
-0.0234375 0.0193837
-0.0244141 0.0195006
-0.0253906 0.0196552
-0.0263672 0.0198632
-0.0273438 0.0201182
-0.0283203 0.0203963
-0.0292969 0.0206703
-0.0302734 0.0209258
-0.03125 0.0211707
-0.0322266 0.0214337
-0.0332031 0.021751
-0.0341797 0.0221488
-0.0351562 0.0226276
-0.0361328 0.0231575
-0.0371094 0.0236855
-0.0380859 0.0241528
-0.0390625 0.0245141
-0.0400391 0.0247522
-0.0410156 0.0248816
-0.0419922 0.0249428
-0.0429688 0.0249876
-0.0439453 0.0250642
-0.0449219 0.0252049
-0.0458984 0.0254205
-0.046875 0.0257013
-0.0478516 0.0260218
-0.0488281 0.0263484
-0.0498047 0.026647
-0.0507812 0.0268904
-0.0517578 0.0270645
-0.0527344 0.0271736
-0.0537109 0.0272411
-0.0546875 0.0273062
-0.0556641 0.0274144
-0.0566406 0.0276044
-0.0576172 0.0278946
-0.0585938 0.0282744
-0.0595703 0.0287032
-0.0605469 0.0291198
-0.0615234 0.0294584
-0.0625 0.0296672
-0.0634766 0.0297234
-0.0644531 0.0296383
-0.0654297 0.0294541
-0.0664062 0.0292306
-0.0673828 0.0290298
-0.0683594 0.0289009
-0.0693359 0.0288711
-0.0703125 0.0289432
-0.0712891 0.0290989
-0.0722656 0.0293063
-0.0732422 0.0295284
-0.0742188 0.0297323
-0.0751953 0.0298953
-0.0761719 0.0300097
-0.0771484 0.0300841
-0.078125 0.0301395
-0.0791016 0.0302031
-0.0800781 0.0302979
-0.0810547 0.0304333
-0.0820312 0.0305992
-0.0830078 0.0307663
-0.0839844 0.0308951
-0.0849609 0.030949
-0.0859375 0.0309087
-0.0869141 0.0307814
-0.0878906 0.0306006
-0.0888672 0.0304159
-0.0898438 0.030276
-0.0908203 0.0302114
-0.0917969 0.030224
-0.0927734 0.0302875
-0.09375 0.0303587
-0.0947266 0.0303963
-0.0957031 0.0303776
-0.0966797 0.0303081
-0.0976562 0.0302189
-0.0986328 0.0301535
-0.0996094 0.0301486
-0.100586 0.0302178
-0.101562 0.0303441
-0.102539 0.0304846
-0.103516 0.0305856
-0.104492 0.0306023
-0.105469 0.0305158
-0.106445 0.0303408
-0.107422 0.0301203
-0.108398 0.029912
-0.109375 0.0297681
-0.110352 0.0297185
-0.111328 0.0297616
-0.112305 0.0298657
-0.113281 0.02998
-0.114258 0.0300515
-0.115234 0.0300409
-0.116211 0.0299338
-0.117188 0.0297432
-0.118164 0.0295043
-0.119141 0.0292628
-0.120117 0.029063
-0.121094 0.0289362
-0.12207 0.0288953
-0.123047 0.0289348
-0.124023 0.0290352
-0.125 0.0291707
-0.125977 0.0293172
-0.126953 0.0294576
-0.12793 0.0295846
-0.128906 0.0297005
-0.129883 0.029814
-0.130859 0.0299357
-0.131836 0.0300748
-0.132812 0.0302362
-0.133789 0.0304206
-0.134766 0.0306261
-0.135742 0.0308499
-0.136719 0.0310914
-0.137695 0.0313519
-0.138672 0.0316342
-0.139648 0.0319402
-0.140625 0.0322679
-0.141602 0.0326109
-0.142578 0.0329589
-0.143555 0.0333017
-0.144531 0.0336331
-0.145508 0.0339556
-0.146484 0.0342801
-0.147461 0.0346234
-0.148438 0.0350018
-0.149414 0.0354237
-0.150391 0.0358846
-0.151367 0.0363669
-0.152344 0.0368446
-0.15332 0.0372917
-0.154297 0.0376913
-0.155273 0.0380394
-0.15625 0.0383444
-0.157227 0.0386188
-0.158203 0.0388698
-0.15918 0.0390902
-0.160156 0.0392572
-0.161133 0.0393385
-0.162109 0.0393044
-0.163086 0.0391417
-0.164062 0.0388631
-0.165039 0.0385072
-0.166016 0.0381286
-0.166992 0.0377817
-0.167969 0.0375041
-0.168945 0.0373059
-0.169922 0.0371693
-0.170898 0.037058
-0.171875 0.0369331
-0.172852 0.0367675
-0.173828 0.0365553
-0.174805 0.0363121
-0.175781 0.0360667
-0.176758 0.0358507
-0.177734 0.0356884
-0.178711 0.0355925
-0.179688 0.0355647
-0.180664 0.0356008
-0.181641 0.0356949
-0.182617 0.0358409
-0.183594 0.0360309
-0.18457 0.0362515
-0.185547 0.0364818
-0.186523 0.0366956
-0.1875 0.0368676
-0.188477 0.0369816
-0.189453 0.0370375
-0.19043 0.0370521
-0.191406 0.0370545
-0.192383 0.0370755
-0.193359 0.0371379
-0.194336 0.0372493
-0.195312 0.0374026
-0.196289 0.0375818
-0.197266 0.0377715
-0.198242 0.0379632
-0.199219 0.0381579
-0.200195 0.0383614
-0.201172 0.0385768
-0.202148 0.0387972
-0.203125 0.0390043
-0.204102 0.0391721
-0.205078 0.0392765
-0.206055 0.0393045
-0.207031 0.0392591
-0.208008 0.0391586
-0.208984 0.0390281
-0.209961 0.0388906
-0.210938 0.03876
-0.211914 0.0386396
-0.212891 0.0385286
-0.213867 0.0384292
-0.214844 0.0383538
-0.21582 0.0383241
-0.216797 0.0383634
-0.217773 0.0384843
-0.21875 0.0386774
-0.219727 0.0389079
-0.220703 0.0391215
-0.22168 0.0392597
-0.222656 0.039278
-0.223633 0.0391603
-0.224609 0.038923
-0.225586 0.0386078
-0.226562 0.0382666
-0.227539 0.0379442
-0.228516 0.0376674
-0.229492 0.0374419
-0.230469 0.0372597
-0.231445 0.0371097
-0.232422 0.0369873
-0.233398 0.0368979
-0.234375 0.0368524
-0.235352 0.0368595
-0.236328 0.0369172
-0.237305 0.0370104
-0.238281 0.0371152
-0.239258 0.0372087
-0.240234 0.0372787
-0.241211 0.0373294
-0.242188 0.0373798
-0.243164 0.0374554
-0.244141 0.0375764
-0.245117 0.0377492
-0.246094 0.0379621
-0.24707 0.0381896
-0.248047 0.0384005
-0.249023 0.0385677
-0.25 0.038676
-0.250977 0.0387245
-0.251953 0.0387256
-0.25293 0.0387005
-0.253906 0.0386748
-0.254883 0.0386734
-0.255859 0.0387164
-0.256836 0.0388145
-0.257812 0.0389648
-0.258789 0.0391477
-0.259766 0.0393288
-0.260742 0.0394657
-0.261719 0.0395201
-0.262695 0.0394724
-0.263672 0.039332
-0.264648 0.0391392
-0.265625 0.0389552
-0.266602 0.0388429
-0.267578 0.0388447
-0.268555 0.038966
-0.269531 0.039172
-0.270508 0.0393996
-0.271484 0.0395812
-0.272461 0.0396693
-0.273438 0.0396549
-0.274414 0.0395692
-0.275391 0.0394699
-0.276367 0.039418
-0.277344 0.0394541
-0.27832 0.0395846
-0.279297 0.0397837
-0.280273 0.0400069
-0.28125 0.0402124
-0.282227 0.040377
-0.283203 0.040502
-0.28418 0.0406054
-0.285156 0.0407065
-0.286133 0.0408094
-0.287109 0.040895
-0.288086 0.0409251
-0.289062 0.0408575
-0.290039 0.0406643
-0.291016 0.0403471
-0.291992 0.0399399
-0.292969 0.0394992
-0.293945 0.0390859
-0.294922 0.0387435
-0.295898 0.0384843
-0.296875 0.0382861
-0.297852 0.0381015
-0.298828 0.0378763
-0.299805 0.0375692
-0.300781 0.0371664
-0.301758 0.0366869
-0.302734 0.0361766
-0.303711 0.0356939
-0.304688 0.0352931
-0.305664 0.0350092
-0.306641 0.03485
-0.307617 0.0347968
-0.308594 0.0348131
-0.30957 0.0348579
-0.310547 0.0348987
-0.311523 0.0349207
-0.3125 0.0349291
-0.313477 0.034943
-0.314453 0.0349861
-0.31543 0.0350749
-0.316406 0.0352119
-0.317383 0.0353847
-0.318359 0.035572
-0.319336 0.0357536
-0.320312 0.0359198
-0.321289 0.0360759
-0.322266 0.0362398
-0.323242 0.0364329
-0.324219 0.0366689
-0.325195 0.0369449
-0.326172 0.0372386
-0.327148 0.0375139
-0.328125 0.0377302
-0.329102 0.0378538
-0.330078 0.0378659
-0.331055 0.0377639
-0.332031 0.0375582
-0.333008 0.0372665
-0.333984 0.0369087
-0.334961 0.0365058
-0.335938 0.0360814
-0.336914 0.0356629
-0.337891 0.0352807
-0.338867 0.0349622
-0.339844 0.034724
-0.34082 0.0345634
-0.341797 0.034457
-0.342773 0.0343665
-0.34375 0.0342517
-0.344727 0.0340869
-0.345703 0.0338719
-0.34668 0.0336338
-0.347656 0.0334172
-0.348633 0.0332667
-0.349609 0.0332086
-0.350586 0.0332386
-0.351562 0.0333229
-0.352539 0.0334105
-0.353516 0.0334517
-0.354492 0.0334163
-0.355469 0.0333029
-0.356445 0.0331371
-0.357422 0.0329602
-0.358398 0.0328138
-0.359375 0.0327272
-0.360352 0.0327118
-0.361328 0.0327635
-0.362305 0.0328698
-0.363281 0.033016
-0.364258 0.0331895
-0.365234 0.0333782
-0.366211 0.0335679
-0.367188 0.0337409
-0.368164 0.0338782
-0.369141 0.0339662
-0.370117 0.0340033
-0.371094 0.0340042
-0.37207 0.0339966
-0.373047 0.0340123
-0.374023 0.0340746
-0.375 0.0341884
-0.375977 0.0343369
-0.376953 0.0344884
-0.37793 0.0346092
-0.378906 0.0346778
-0.379883 0.0346943
-0.380859 0.034681
-0.381836 0.0346736
-0.382812 0.0347074
-0.383789 0.0348044
-0.384766 0.0349663
-0.385742 0.0351755
-0.386719 0.0354037
-0.387695 0.0356222
-0.388672 0.0358097
-0.389648 0.0359558
-0.390625 0.0360592
-0.391602 0.0361232
-0.392578 0.0361531
-0.393555 0.0361565
-0.394531 0.036146
-0.395508 0.0361422
-0.396484 0.0361736
-0.397461 0.0362712
-0.398438 0.0364585
-0.399414 0.0367419
-0.400391 0.0371048
-0.401367 0.0375096
-0.402344 0.0379076
-0.40332 0.0382539
-0.404297 0.0385218
-0.405273 0.03871
-0.40625 0.0388414
-0.407227 0.0389523
-0.408203 0.0390787
-0.40918 0.0392431
-0.410156 0.0394489
-0.411133 0.0396821
-0.412109 0.03992
-0.413086 0.0401412
-0.414062 0.0403331
-0.415039 0.0404935
-0.416016 0.0406269
-0.416992 0.0407381
-0.417969 0.0408273
-0.418945 0.0408889
-0.419922 0.0409162
-0.420898 0.0409065
-0.421875 0.0408671
-0.422852 0.0408148
-0.423828 0.0407718
-0.424805 0.0407559
-0.425781 0.0407729
-0.426758 0.040812
-0.427734 0.0408483
-0.428711 0.0408525
-0.429688 0.0408026
-0.430664 0.0406946
-0.431641 0.0405472
-0.432617 0.0403969
-0.433594 0.0402873
-0.43457 0.0402539
-0.435547 0.0403113
-0.436523 0.0404476
-0.4375 0.0406267
-0.438477 0.0407993
-0.439453 0.0409184
-0.44043 0.0409531
-0.441406 0.0408976
-0.442383 0.0407709
-0.443359 0.0406094
-0.444336 0.0404536
-0.445312 0.040335
-0.446289 0.0402669
-0.447266 0.0402427
-0.448242 0.0402422
-0.449219 0.0402425
-0.450195 0.0402303
-0.451172 0.0402095
-0.452148 0.040202
-0.453125 0.0402401
-0.454102 0.0403542
-0.455078 0.0405595
-0.456055 0.0408486
-0.457031 0.0411914
-0.458008 0.0415448
-0.458984 0.0418666
-0.459961 0.0421303
-0.460938 0.0423332
-0.461914 0.0424951
-0.462891 0.0426489
-0.463867 0.0428249
-0.464844 0.0430379
-0.46582 0.0432806
-0.466797 0.0435271
-0.467773 0.043744
-0.46875 0.0439051
-0.469727 0.0440015
-0.470703 0.0440444
-0.47168 0.0440579
-0.472656 0.0440667
-0.473633 0.0440835
-0.474609 0.0441031
-0.475586 0.0441057
-0.476562 0.0440677
-0.477539 0.0439755
-0.478516 0.0438355
-0.479492 0.0436741
-0.480469 0.0435302
-0.481445 0.0434399
-0.482422 0.0434232
-0.483398 0.0434764
-0.484375 0.0435749
-0.485352 0.0436835
-0.486328 0.0437705
-0.487305 0.0438179
-0.488281 0.0438247
-0.489258 0.0438023
-0.490234 0.0437655
-0.491211 0.0437246
-0.492188 0.0436825
-0.493164 0.0436387
-0.494141 0.0435962
-0.495117 0.0435672
-0.496094 0.0435724
-0.49707 0.0436332
-0.498047 0.0437592
-0.499023 0.0439378
-0.5 0.0441322
-0.500977 0.0442899
-0.501953 0.0443608
-0.50293 0.0443176
-0.503906 0.044169
-0.504883 0.0439599
-0.505859 0.0437571
-0.506836 0.0436249
-0.507812 0.0436009
-0.508789 0.0436812
-0.509766 0.0438216
-0.510742 0.0439544
-0.511719 0.0440142
-0.512695 0.0439625
-0.513672 0.0438019
-0.514648 0.043574
-0.515625 0.0433441
-0.516602 0.0431782
-0.517578 0.0431221
-0.518555 0.0431892
-0.519531 0.0433617
-0.520508 0.0436014
-0.521484 0.0438648
-0.522461 0.0441169
-0.523438 0.0443389
-0.524414 0.0445275
-0.525391 0.0446897
-0.526367 0.0448355
-0.527344 0.0449722
-0.52832 0.0451018
-0.529297 0.0452214
-0.530273 0.0453244
-0.53125 0.0454027
-0.532227 0.0454475
-0.533203 0.0454502
-0.53418 0.045404
-0.535156 0.0453065
-0.536133 0.0451622
-0.537109 0.0449832
-0.538086 0.0447882
-0.539062 0.0445975
-0.540039 0.0444273
-0.541016 0.0442843
-0.541992 0.0441648
-0.542969 0.0440571
-0.543945 0.0439479
-0.544922 0.0438295
-0.545898 0.0437047
-0.546875 0.0435862
-0.547852 0.0434919
-0.548828 0.0434376
-0.549805 0.0434296
-0.550781 0.0434621
-0.551758 0.0435186
-0.552734 0.0435772
-0.553711 0.0436172
-0.554688 0.0436232
-0.555664 0.0435861
-0.556641 0.0435014
-0.557617 0.0433664
-0.558594 0.0431803
-0.55957 0.0429463
-0.560547 0.0426764
-0.561523 0.042395
-0.5625 0.0421374
-0.563477 0.0419431
-0.564453 0.041843
-0.56543 0.0418472
-0.566406 0.0419364
-0.567383 0.0420643
-0.568359 0.0421681
-0.569336 0.0421876
-0.570312 0.0420836
-0.571289 0.0418496
-0.572266 0.0415118
-0.573242 0.0411176
-0.574219 0.0407181
-0.575195 0.0403501
-0.576172 0.0400266
-0.577148 0.0397384
-0.578125 0.0394645
-0.579102 0.0391873
-0.580078 0.0389048
-0.581055 0.0386327
-0.582031 0.0383987
-0.583008 0.0382279
-0.583984 0.0381299
-0.584961 0.0380909
-0.585938 0.0380753
-0.586914 0.0380375
-0.587891 0.0379368
-0.588867 0.0377515
-0.589844 0.0374858
-0.59082 0.0371672
-0.591797 0.036837
-0.592773 0.0365374
-0.59375 0.0363001
-0.594727 0.03614
-0.595703 0.0360548
-0.59668 0.036028
-0.597656 0.0360351
-0.598633 0.0360482
-0.599609 0.0360402
-0.600586 0.0359883
-0.601562 0.0358768
-0.602539 0.0357004
-0.603516 0.035466
-0.604492 0.0351918
-0.605469 0.0349033
-0.606445 0.0346254
-0.607422 0.0343746
-0.608398 0.0341534
-0.609375 0.0339498
-0.610352 0.0337429
-0.611328 0.033512
-0.612305 0.033246
-0.613281 0.0329484
-0.614258 0.0326352
-0.615234 0.0323284
-0.616211 0.0320458
-0.617188 0.0317945
-0.618164 0.0315698
-0.619141 0.0313601
-0.620117 0.0311561
-0.621094 0.0309578
-0.62207 0.0307762
-0.623047 0.0306287
-0.624023 0.030529
-0.625 0.0304781
-0.625977 0.0304605
-0.626953 0.030448
-0.62793 0.0304107
-0.628906 0.0303294
-0.629883 0.0302029
-0.630859 0.0300481
-0.631836 0.0298901
-0.632812 0.0297495
-0.633789 0.0296311
-0.634766 0.0295212
-0.635742 0.0293951
-0.636719 0.0292311
-0.637695 0.0290253
-0.638672 0.0287986
-0.639648 0.0285933
-0.640625 0.0284594
-0.641602 0.0284365
-0.642578 0.0285391
-0.643555 0.0287517
-0.644531 0.0290353
-0.645508 0.0293423
-0.646484 0.0296322
-0.647461 0.0298821
-0.648438 0.0300877
-0.649414 0.0302562
-0.650391 0.0303952
-0.651367 0.0305047
-0.652344 0.030575
-0.65332 0.0305924
-0.654297 0.0305473
-0.655273 0.0304418
-0.65625 0.0302906
-0.657227 0.0301168
-0.658203 0.0299434
-0.65918 0.0297866
-0.660156 0.0296531
-0.661133 0.0295437
-0.662109 0.0294591
-0.663086 0.029405
-0.664062 0.0293918
-0.665039 0.0294289
-0.666016 0.0295165
-0.666992 0.0296389
-0.667969 0.0297655
-0.668945 0.0298579
-0.669922 0.0298833
-0.670898 0.0298262
-0.671875 0.0296952
-0.672852 0.0295192
-0.673828 0.0293374
-0.674805 0.0291856
-0.675781 0.0290861
-0.676758 0.0290444
-0.677734 0.0290532
-0.678711 0.0290995
-0.679688 0.0291706
-0.680664 0.0292553
-0.681641 0.0293408
-0.682617 0.0294075
-0.683594 0.0294289
-0.68457 0.0293769
-0.685547 0.0292329
-0.686523 0.029
-0.6875 0.0287084
-0.688477 0.0284105
-0.689453 0.0281649
-0.69043 0.0280163
-0.691406 0.0279787
-0.692383 0.0280305
-0.693359 0.0281237
-0.694336 0.0282044
-0.695312 0.0282337
-0.696289 0.028202
-0.697266 0.0281284
-0.698242 0.0280475
-0.699219 0.0279904
-0.700195 0.0279693
-0.701172 0.0279735
-0.702148 0.0279784
-0.703125 0.0279612
-0.704102 0.027916
-0.705078 0.0278576
-0.706055 0.0278139
-0.707031 0.0278092
-0.708008 0.0278476
-0.708984 0.0279066
-0.709961 0.0279447
-0.710938 0.0279205
-0.711914 0.0278134
-0.712891 0.0276371
-0.713867 0.0274365
-0.714844 0.0272707
-0.71582 0.027188
-0.716797 0.0272047
-0.717773 0.0272984
-0.71875 0.0274174
-0.719727 0.0275025
-0.720703 0.0275103
-0.72168 0.0274285
-0.722656 0.0272752
-0.723633 0.0270855
-0.724609 0.0268923
-0.725586 0.0267111
-0.726562 0.0265362
-0.727539 0.0263496
-0.728516 0.0261363
-0.729492 0.0258984
-0.730469 0.0256594
-0.731445 0.0254576
-0.732422 0.0253309
-0.733398 0.0253012
-0.734375 0.0253662
-0.735352 0.0255015
-0.736328 0.0256718
-0.737305 0.0258454
-0.738281 0.0260054
-0.739258 0.0261519
-0.740234 0.0262969
-0.741211 0.0264544
-0.742188 0.0266317
-0.743164 0.0268264
-0.744141 0.0270294
-0.745117 0.0272308
-0.746094 0.0274268
-0.74707 0.0276209
-0.748047 0.0278229
-0.749023 0.028043
-0.75 0.0282885
-0.750977 0.0285616
-0.751953 0.0288612
-0.75293 0.0291853
-0.753906 0.0295321
-0.754883 0.0298984
-0.755859 0.0302759
-0.756836 0.0306481
-0.757812 0.0309899
-0.758789 0.0312725
-0.759766 0.0314709
-0.760742 0.0315717
-0.761719 0.0315771
-0.762695 0.0315034
-0.763672 0.0313747
-0.764648 0.0312146
-0.765625 0.0310408
-0.766602 0.0308641
-0.767578 0.0306917
-0.768555 0.0305319
-0.769531 0.0303969
-0.770508 0.0303007
-0.771484 0.0302527
-0.772461 0.0302518
-0.773438 0.030283
-0.774414 0.0303204
-0.775391 0.0303365
-0.776367 0.030312
-0.777344 0.030243
-0.77832 0.0301409
-0.779297 0.030024
-0.780273 0.0299062
-0.78125 0.0297877
-0.782227 0.0296525
-0.783203 0.0294755
-0.78418 0.0292356
-0.785156 0.0289276
-0.786133 0.0285697
-0.787109 0.0281993
-0.788086 0.0278613
-0.789062 0.0275935
-0.790039 0.027415
-0.791016 0.0273231
-0.791992 0.0273
-0.792969 0.0273244
-0.793945 0.0273822
-0.794922 0.0274722
-0.795898 0.0276018
-0.796875 0.0277782
-0.797852 0.0279968
-0.798828 0.0282355
-0.799805 0.0284568
-0.800781 0.0286167
-0.801758 0.0286784
-0.802734 0.0286247
-0.803711 0.0284631
-0.804688 0.0282241
-0.805664 0.0279519
-0.806641 0.0276915
-0.807617 0.027477
-0.808594 0.0273236
-0.80957 0.0272263
-0.810547 0.0271634
-0.811523 0.0271055
-0.8125 0.0270249
-0.813477 0.0269053
-0.814453 0.0267471
-0.81543 0.026567
-0.816406 0.0263931
-0.817383 0.0262543
-0.818359 0.0261689
-0.819336 0.0261364
-0.820312 0.0261357
-0.821289 0.0261305
-0.822266 0.0260824
-0.823242 0.025964
-0.824219 0.0257697
-0.825195 0.0255166
-0.826172 0.0252375
-0.827148 0.0249663
-0.828125 0.0247242
-0.829102 0.0245117
-0.830078 0.0243105
-0.831055 0.0240944
-0.832031 0.0238441
-0.833008 0.023559
-0.833984 0.0232609
-0.834961 0.0229869
-0.835938 0.0227751
-0.836914 0.0226504
-0.837891 0.0226149
-0.838867 0.0226487
-0.839844 0.0227191
-0.84082 0.0227944
-0.841797 0.0228556
-0.842773 0.0229015
-0.84375 0.0229453
-0.844727 0.0230055
-0.845703 0.0230954
-0.84668 0.0232159
-0.847656 0.0233541
-0.848633 0.0234877
-0.849609 0.0235928
-0.850586 0.0236506
-0.851562 0.0236528
-0.852539 0.0236022
-0.853516 0.0235119
-0.854492 0.0234017
-0.855469 0.0232952
-0.856445 0.0232148
-0.857422 0.0231785
-0.858398 0.0231948
-0.859375 0.0232603
-0.860352 0.0233587
-0.861328 0.0234641
-0.862305 0.0235471
-0.863281 0.0235824
-0.864258 0.0235554
-0.865234 0.0234643
-0.866211 0.0233185
-0.867188 0.0231333
-0.868164 0.0229242
-0.869141 0.0227033
-0.870117 0.0224792
-0.871094 0.0222597
-0.87207 0.0220552
-0.873047 0.0218795
-0.874023 0.0217464
-0.875 0.0216645
-0.875977 0.0216312
-0.876953 0.0216305
-0.87793 0.0216355
-0.878906 0.0216155
-0.879883 0.0215451
-0.880859 0.0214113
-0.881836 0.0212158
-0.882812 0.0209725
-0.883789 0.0207018
-0.884766 0.020425
-0.885742 0.0201605
-0.886719 0.0199236
-0.887695 0.0197279
-0.888672 0.0195857
-0.889648 0.0195072
-0.890625 0.0194971
-0.891602 0.0195514
-0.892578 0.0196571
-0.893555 0.019795
-0.894531 0.0199457
-0.895508 0.0200959
-0.896484 0.0202421
-0.897461 0.0203883
-0.898438 0.0205408
-0.899414 0.0207006
-0.900391 0.0208589
-0.901367 0.0209985
-0.902344 0.0211002
-0.90332 0.0211508
-0.904297 0.0211503
-0.905273 0.0211127
-0.90625 0.0210606
-0.907227 0.0210171
-0.908203 0.0209975
-0.90918 0.0210064
-0.910156 0.0210398
-0.911133 0.0210917
-0.912109 0.0211589
-0.913086 0.0212436
-0.914062 0.0213491
-0.915039 0.0214745
-0.916016 0.0216092
-0.916992 0.0217338
-0.917969 0.0218268
-0.918945 0.0218746
-0.919922 0.0218799
-0.920898 0.0218636
-0.921875 0.0218582
-0.922852 0.0218957
-0.923828 0.0219939
-0.924805 0.0221498
-0.925781 0.0223409
-0.926758 0.0225351
-0.927734 0.0227035
-0.928711 0.0228302
-0.929688 0.0229148
-0.930664 0.0229676
-0.931641 0.0229998
-0.932617 0.0230167
-0.933594 0.0230154
-0.93457 0.0229892
-0.935547 0.0229352
-0.936523 0.0228599
-0.9375 0.0227794
-0.938477 0.0227133
-0.939453 0.0226761
-0.94043 0.0226703
-0.941406 0.0226862
-0.942383 0.0227085
-0.943359 0.0227248
-0.944336 0.0227336
-0.945312 0.0227447
-0.946289 0.0227729
-0.947266 0.0228277
-0.948242 0.0229053
-0.949219 0.0229869
-0.950195 0.0230457
-0.951172 0.0230581
-0.952148 0.023014
-0.953125 0.0229203
-0.954102 0.022797
-0.955078 0.0226665
-0.956055 0.0225454
-0.957031 0.0224403
-0.958008 0.0223538
-0.958984 0.0222931
-0.959961 0.0222788
-0.960938 0.0223439
-0.961914 0.0225235
-0.962891 0.0228379
-0.963867 0.0232767
-0.964844 0.023794
-0.96582 0.0243189
-0.966797 0.0247769
-0.967773 0.0251167
-0.96875 0.0253279
-0.969727 0.025443
-0.970703 0.0255222
-0.97168 0.0256276
-0.972656 0.0257973
-0.973633 0.0260315
-0.974609 0.0262949
-0.975586 0.0265338
-0.976562 0.0266984
-0.977539 0.0267613
-0.978516 0.0267244
-0.979492 0.0266131
-0.980469 0.0264628
-0.981445 0.0263053
-0.982422 0.0261608
-0.983398 0.0260389
-0.984375 0.0259438
-0.985352 0.0258808
-0.986328 0.0258585
-0.987305 0.0258861
-0.988281 0.025968
-0.989258 0.0260998
-0.990234 0.0262694
-0.991211 0.0264616
-0.992188 0.0266651
-0.993164 0.0268764
-0.994141 0.0270983
-0.995117 0.0273337
-0.996094 0.0275782
-0.99707 0.0278165
-0.998047 0.0280252
-0.999023 0.0281812
-1 0.0282715
-1.00098 0.0282989
-1.00195 0.0282805
-1.00293 0.0282386
-1.00391 0.0281901
-1.00488 0.0281387
-1.00586 0.028076
-1.00684 0.0279906
-1.00781 0.0278804
-1.00879 0.0277613
-1.00977 0.0276664
-1.01074 0.0276357
-1.01172 0.0276987
-1.0127 0.0278607
-1.01367 0.0280967
-1.01465 0.0283595
-1.01562 0.0285961
-1.0166 0.0287668
-1.01758 0.0288573
-1.01855 0.0288789
-1.01953 0.0288571
-1.02051 0.0288151
-1.02148 0.0287599
-1.02246 0.0286775
-1.02344 0.0285404
-1.02441 0.0283215
-1.02539 0.0280089
-1.02637 0.0276147
-1.02734 0.0271733
-1.02832 0.0267308
-1.0293 0.0263319
-1.03027 0.0260082
-1.03125 0.0257731
-1.03223 0.025623
-1.0332 0.0255429
-1.03418 0.0255123
-1.03516 0.0255092
-1.03613 0.0255113
-1.03711 0.0254976
-1.03809 0.0254506
-1.03906 0.0253607
-1.04004 0.0252311
-1.04102 0.0250806
-1.04199 0.0249414
-1.04297 0.0248509
-1.04395 0.0248414
-1.04492 0.02493
-1.0459 0.0251137
-1.04688 0.0253713
-1.04785 0.0256713
-1.04883 0.0259827
-1.0498 0.0262828
-1.05078 0.0265621
-1.05176 0.0268219
-1.05273 0.0270697
-1.05371 0.0273127
-1.05469 0.0275533
-1.05566 0.027788
-1.05664 0.0280072
-1.05762 0.028198
-1.05859 0.0283464
-1.05957 0.0284398
-1.06055 0.0284708
-1.06152 0.0284404
-1.0625 0.0283611
-1.06348 0.0282574
-1.06445 0.028162
-1.06543 0.0281076
-1.06641 0.0281174
-1.06738 0.0281958
-1.06836 0.0283262
-1.06934 0.0284758
-1.07031 0.0286066
-1.07129 0.0286882
-1.07227 0.0287076
-1.07324 0.0286706
-1.07422 0.0285952
-1.0752 0.0285008
-1.07617 0.0283988
-1.07715 0.0282893
-1.07812 0.0281662
-1.0791 0.0280259
-1.08008 0.0278759
-1.08105 0.0277359
-1.08203 0.027629
-1.08301 0.0275684
-1.08398 0.0275443
-1.08496 0.0275199
-1.08594 0.0274397
-1.08691 0.0272484
-1.08789 0.0269117
-1.08887 0.026431
-1.08984 0.0258428
-1.09082 0.0252045
-1.0918 0.0245724
-1.09277 0.0239815
-1.09375 0.0234378
-1.09473 0.0229255
-1.0957 0.0224246
-1.09668 0.0219311
-1.09766 0.0214661
-1.09863 0.0210709
-1.09961 0.0207892
-1.10059 0.0206441
-1.10156 0.0206238
-1.10254 0.0206824
-1.10352 0.0207571
-1.10449 0.0207945
-1.10547 0.0207732
-1.10645 0.0207123
-1.10742 0.020661
-1.1084 0.0206743
-1.10938 0.0207855
-1.11035 0.0209892
-1.11133 0.0212417
-1.1123 0.0214805
-1.11328 0.0216512
-1.11426 0.0217328
-1.11523 0.0217473
-1.11621 0.0217503
-1.11719 0.0218087
-1.11816 0.0219721
-1.11914 0.0222536
-1.12012 0.0226251
-1.12109 0.0230282
-1.12207 0.0233962
-1.12305 0.0236761
-1.12402 0.0238425
-1.125 0.0239009
-1.12598 0.023879
-1.12695 0.0238142
-1.12793 0.0237417
-1.12891 0.0236876
-1.12988 0.0236673
-1.13086 0.0236886
-1.13184 0.023754
-1.13281 0.0238619
-1.13379 0.0240063
-1.13477 0.0241757
-1.13574 0.024355
-1.13672 0.0245281
-1.1377 0.0246833
-1.13867 0.0248164
-1.13965 0.0249319
-1.14062 0.0250393
-1.1416 0.025148
-1.14258 0.0252614
-1.14355 0.0253742
-1.14453 0.0254731
-1.14551 0.0255408
-1.14648 0.0255617
-1.14746 0.0255266
-1.14844 0.025435
-1.14941 0.0252951
-1.15039 0.0251226
-1.15137 0.0249378
-1.15234 0.0247632
-1.15332 0.0246203
-1.1543 0.0245267
-1.15527 0.0244912
-1.15625 0.0245114
-1.15723 0.0245726
-1.1582 0.0246508
-1.15918 0.0247195
-1.16016 0.0247586
-1.16113 0.0247613
-1.16211 0.0247368
-1.16309 0.0247063
-1.16406 0.0246939
-1.16504 0.0247165
-1.16602 0.0247764
-1.16699 0.0248608
-1.16797 0.0249475
-1.16895 0.025016
-1.16992 0.0250566
-1.1709 0.0250762
-1.17188 0.0250959
-1.17285 0.0251435
-1.17383 0.0252439
-1.1748 0.0254115
-1.17578 0.0256477
-1.17676 0.0259435
-1.17773 0.0262841
-1.17871 0.0266536
-1.17969 0.0270362
-1.18066 0.0274151
-1.18164 0.0277718
-1.18262 0.028087
-1.18359 0.0283454
-1.18457 0.028543
-1.18555 0.0286915
-1.18652 0.0288176
-1.1875 0.0289553
-1.18848 0.0291318
-1.18945 0.0293542
-1.19043 0.0296031
-1.19141 0.0298364
-1.19238 0.0300039
-1.19336 0.0300676
-1.19434 0.0300175
-1.19531 0.0298783
-1.19629 0.0297002
-1.19727 0.0295401
-1.19824 0.0294392
-1.19922 0.0294072
-1.2002 0.0294196
-1.20117 0.0294299
-1.20215 0.02939
-1.20312 0.0292708
-1.2041 0.0290744
-1.20508 0.0288324
-1.20605 0.0285932
-1.20703 0.0284033
-1.20801 0.0282913
-1.20898 0.0282616
-1.20996 0.0282967
-1.21094 0.0283683
-1.21191 0.0284479
-1.21289 0.0285148
-1.21387 0.0285569
-1.21484 0.0285681
-1.21582 0.0285433
-1.2168 0.0284784
-1.21777 0.0283725
-1.21875 0.028234
-1.21973 0.0280845
-1.2207 0.0279566
-1.22168 0.0278868
-1.22266 0.0279033
-1.22363 0.0280154
-1.22461 0.028209
-1.22559 0.0284512
-1.22656 0.0287023
-1.22754 0.0289302
-1.22852 0.0291223
-1.22949 0.0292878
-1.23047 0.0294513
-1.23145 0.0296398
-1.23242 0.0298696
-1.2334 0.0301374
-1.23438 0.0304212
-1.23535 0.0306888
-1.23633 0.03091
-1.2373 0.0310682
-1.23828 0.031166
-1.23926 0.0312228
-1.24023 0.0312679
-1.24121 0.0313296
-1.24219 0.0314277
-1.24316 0.0315697
-1.24414 0.031752
-1.24512 0.0319634
-1.24609 0.0321905
-1.24707 0.0324202
-1.24805 0.0326414
-1.24902 0.0328448
-1.25 0.0330234
-1.25098 0.0331739
-1.25195 0.0332987
-1.25293 0.0334076
-1.25391 0.0335172
-1.25488 0.0336476
-1.25586 0.0338157
-1.25684 0.0340289
-1.25781 0.03428
-1.25879 0.0345473
-1.25977 0.0347994
-1.26074 0.0350047
-1.26172 0.0351415
-1.2627 0.0352064
-1.26367 0.0352166
-1.26465 0.0352067
-1.26562 0.0352197
-1.2666 0.0352949
-1.26758 0.0354575
-1.26855 0.0357119
-1.26953 0.0360411
-1.27051 0.0364112
-1.27148 0.0367804
-1.27246 0.037109
-1.27344 0.0373672
-1.27441 0.0375401
-1.27539 0.0376285
-1.27637 0.0376455
-1.27734 0.0376117
-1.27832 0.0375498
-1.2793 0.0374799
-1.28027 0.0374166
-1.28125 0.0373678
-1.28223 0.0373355
-1.2832 0.0373164
-1.28418 0.0373039
-1.28516 0.0372891
-1.28613 0.0372626
-1.28711 0.0372154
-1.28809 0.0371409
-1.28906 0.0370361
-1.29004 0.036904
-1.29102 0.0367543
-1.29199 0.0366032
-1.29297 0.0364712
-1.29395 0.0363795
-1.29492 0.0363451
-1.2959 0.0363755
-1.29688 0.0364668
-1.29785 0.0366042
-1.29883 0.0367665
-1.2998 0.0369341
-1.30078 0.037096
-1.30176 0.0372552
-1.30273 0.0374286
-1.30371 0.0376407
-1.30469 0.0379138
-1.30566 0.0382566
-1.30664 0.0386574
-1.30762 0.0390842
-1.30859 0.0394919
-1.30957 0.0398358
-1.31055 0.0400859
-1.31152 0.0402365
-1.3125 0.0403071
-1.31348 0.0403352
-1.31445 0.0403622
-1.31543 0.0404194
-1.31641 0.0405188
-1.31738 0.040652
-1.31836 0.0407981
-1.31934 0.0409346
-1.32031 0.0410488
-1.32129 0.041142
-1.32227 0.0412268
-1.32324 0.0413181
-1.32422 0.0414222
-1.3252 0.0415311
-1.32617 0.0416226
-1.32715 0.04167
-1.32812 0.0416539
-1.3291 0.0415742
-1.33008 0.0414545
-1.33105 0.0413374
-1.33203 0.0412719
-1.33301 0.041297
-1.33398 0.0414287
-1.33496 0.0416535
-1.33594 0.0419326
-1.33691 0.0422138
-1.33789 0.042448
-1.33887 0.0426026
-1.33984 0.0426695
-1.34082 0.0426645
-1.3418 0.0426188
-1.34277 0.0425673
-1.34375 0.0425373
-1.34473 0.0425418
-1.3457 0.0425795
-1.34668 0.0426396
-1.34766 0.0427098
-1.34863 0.0427833
-1.34961 0.0428619
-1.35059 0.0429545
-1.35156 0.043071
-1.35254 0.0432158
-1.35352 0.0433827
-1.35449 0.0435551
-1.35547 0.0437107
-1.35645 0.0438298
-1.35742 0.0439027
-1.3584 0.0439341
-1.35938 0.0439405
-1.36035 0.0439433
-1.36133 0.0439594
-1.3623 0.0439935
-1.36328 0.044037
-1.36426 0.0440737
-1.36523 0.0440888
-1.36621 0.0440795
-1.36719 0.0440589
-1.36816 0.0440531
-1.36914 0.0440902
-1.37012 0.0441876
-1.37109 0.0443419
-1.37207 0.0445277
-1.37305 0.0447057
-1.37402 0.0448375
-1.375 0.0449
-1.37598 0.0448927
-1.37695 0.0448353
-1.37793 0.044756
-1.37891 0.0446758
-1.37988 0.0445986
-1.38086 0.0445095
-1.38184 0.0443853
-1.38281 0.0442102
-1.38379 0.0439901
-1.38477 0.043757
-1.38574 0.0435598
-1.38672 0.0434458
-1.3877 0.0434387
-1.38867 0.043525
-1.38965 0.0436541
-1.39062 0.0437543
-1.3916 0.0437579
-1.39258 0.0436258
-1.39355 0.0433608
-1.39453 0.043006
-1.39551 0.0426269
-1.39648 0.0422878
-1.39746 0.0420298
-1.39844 0.041861
-1.39941 0.0417599
-1.40039 0.0416912
-1.40137 0.0416239
-1.40234 0.0415455
-1.40332 0.0414656
-1.4043 0.0414094
-1.40527 0.041404
-1.40625 0.041465
-1.40723 0.041588
-1.4082 0.0417487
-1.40918 0.0419098
-1.41016 0.0420325
-1.41113 0.0420864
-1.41211 0.0420569
-1.41309 0.0419478
-1.41406 0.0417801
-1.41504 0.0415881
-1.41602 0.0414138
-1.41699 0.0412995
-1.41797 0.0412802
-1.41895 0.041375
-1.41992 0.0415813
-1.4209 0.0418729
-1.42188 0.042204
-1.42285 0.0425202
-1.42383 0.0427709
-1.4248 0.042923
-1.42578 0.0429666
-1.42676 0.0429152
-1.42773 0.042797
-1.42871 0.0426449
-1.42969 0.0424864
-1.43066 0.0423413
-1.43164 0.0422237
-1.43262 0.0421487
-1.43359 0.042136
-1.43457 0.0422079
-1.43555 0.0423793
-1.43652 0.0426444
-1.4375 0.0429656
-1.43848 0.0432739
-1.43945 0.0434815
-1.44043 0.0435073
-1.44141 0.043305
-1.44238 0.0428831
-1.44336 0.042309
-1.44434 0.0416909
-1.44531 0.0411465
-1.44629 0.040766
-1.44727 0.0405862
-1.44824 0.0405845
-1.44922 0.0406943
-1.4502 0.0408361
-1.45117 0.0409499
-1.45215 0.0410166
-1.45312 0.0410581
-1.4541 0.0411196
-1.45508 0.0412416
-1.45605 0.0414358
-1.45703 0.0416767
-1.45801 0.0419127
-1.45898 0.0420911
-1.45996 0.0421853
-1.46094 0.0422094
-1.46191 0.0422142
-1.46289 0.0422633
-1.46387 0.0424016
-1.46484 0.04263
-1.46582 0.0428989
-1.4668 0.0431243
-1.46777 0.0432215
-1.46875 0.0431396
-1.46973 0.042884
-1.4707 0.0425153
-1.47168 0.0421251
-1.47266 0.0417997
-1.47363 0.0415869
-1.47461 0.0414817
-1.47559 0.0414339
-1.47656 0.0413761
-1.47754 0.0412562
-1.47852 0.0410612
-1.47949 0.0408208
-1.48047 0.0405911
-1.48145 0.0404261
-1.48242 0.0403518
-1.4834 0.0403541
-1.48438 0.0403863
-1.48535 0.0403912
-1.48633 0.0403269
-1.4873 0.0401847
-1.48828 0.0399901
-1.48926 0.0397893
-1.49023 0.0396268
-1.49121 0.0395264
-1.49219 0.0394834
-1.49316 0.0394701
-1.49414 0.0394511
-1.49512 0.0393983
-1.49609 0.0393003
-1.49707 0.0391604
-1.49805 0.0389883
-1.49902 0.03879
-1.5 0.0385637
-1.50098 0.0383033
-1.50195 0.0380083
-1.50293 0.0376924
-1.50391 0.0373856
-1.50488 0.0371273
-1.50586 0.0369518
-1.50684 0.0368743
-1.50781 0.0368843
-1.50879 0.0369497
-1.50977 0.0370307
-1.51074 0.037097
-1.51172 0.0371384
-1.5127 0.0371662
-1.51367 0.0372018
-1.51465 0.0372617
-1.51562 0.0373439
-1.5166 0.0374256
-1.51758 0.0374715
-1.51855 0.0374494
-1.51953 0.0373456
-1.52051 0.0371714
-1.52148 0.0369575
-1.52246 0.0367409
-1.52344 0.0365477
-1.52441 0.0363843
-1.52539 0.0362375
-1.52637 0.0360858
-1.52734 0.0359128
-1.52832 0.0357177
-1.5293 0.0355152
-1.53027 0.0353262
-1.53125 0.0351639
-1.53223 0.0350228
-1.5332 0.0348781
-1.53418 0.0346953
-1.53516 0.0344467
-1.53613 0.0341267
-1.53711 0.0337579
-1.53809 0.0333856
-1.53906 0.0330617
-1.54004 0.032827
-1.54102 0.0326976
-1.54199 0.0326641
-1.54297 0.0326995
-1.54395 0.0327749
-1.54492 0.0328719
-1.5459 0.0329891
-1.54688 0.0331371
-1.54785 0.0333288
-1.54883 0.0335679
-1.5498 0.0338429
-1.55078 0.0341292
-1.55176 0.0343975
-1.55273 0.0346243
-1.55371 0.0347996
-1.55469 0.034928
-1.55566 0.0350234
-1.55664 0.0351009
-1.55762 0.0351697
-1.55859 0.0352304
-1.55957 0.0352761
-1.56055 0.0352975
-1.56152 0.0352879
-1.5625 0.035246
-1.56348 0.0351762
-1.56445 0.0350879
-1.56543 0.0349935
-1.56641 0.0349083
-1.56738 0.0348495
-1.56836 0.0348353
-1.56934 0.0348807
-1.57031 0.0349932
-1.57129 0.0351677
-1.57227 0.035386
-1.57324 0.0356205
-1.57422 0.0358428
-1.5752 0.0360337
-1.57617 0.0361907
-1.57715 0.0363273
-1.57812 0.0364661
-1.5791 0.0366255
-1.58008 0.0368086
-1.58105 0.0369971
-1.58203 0.0371562
-1.58301 0.0372467
-1.58398 0.0372417
-1.58496 0.0371389
-1.58594 0.0369641
-1.58691 0.0367639
-1.58789 0.0365905
-1.58887 0.0364856
-1.58984 0.0364691
-1.59082 0.0365372
-1.5918 0.0366685
-1.59277 0.0368363
-1.59375 0.0370178
-1.59473 0.0372002
-1.5957 0.0373787
-1.59668 0.0375514
-1.59766 0.0377128
-1.59863 0.037852
-1.59961 0.037954
-1.60059 0.0380052
-1.60156 0.0379984
-1.60254 0.0379355
-1.60352 0.0378264
-1.60449 0.0376847
-1.60547 0.0375235
-1.60645 0.0373533
-1.60742 0.0371824
-1.6084 0.0370195
-1.60938 0.0368749
-1.61035 0.0367599
-1.61133 0.0366827
-1.6123 0.0366438
-1.61328 0.0366328
-1.61426 0.0366302
-1.61523 0.0366129
-1.61621 0.036563
-1.61719 0.0364749
-1.61816 0.0363575
-1.61914 0.0362312
-1.62012 0.0361194
-1.62109 0.0360387
-1.62207 0.0359933
-1.62305 0.0359738
-1.62402 0.0359633
-1.625 0.0359458
-1.62598 0.0359147
-1.62695 0.035877
-1.62793 0.0358519
-1.62891 0.0358648
-1.62988 0.0359395
-1.63086 0.0360909
-1.63184 0.0363216
-1.63281 0.0366206
-1.63379 0.0369666
-1.63477 0.0373312
-1.63574 0.0376847
-1.63672 0.0380004
-1.6377 0.0382605
-1.63867 0.0384602
-1.63965 0.0386092
-1.64062 0.0387304
-1.6416 0.0388535
-1.64258 0.0390058
-1.64355 0.0392014
-1.64453 0.0394354
-1.64551 0.0396832
-1.64648 0.039908
-1.64746 0.040074
-1.64844 0.0401588
-1.64941 0.0401622
-1.65039 0.0401061
-1.65137 0.0400254
-1.65234 0.0399546
-1.65332 0.0399145
-1.6543 0.0399055
-1.65527 0.0399094
-1.65625 0.0398995
-1.65723 0.0398536
-1.6582 0.0397647
-1.65918 0.0396457
-1.66016 0.0395243
-1.66113 0.0394336
-1.66211 0.0394
-1.66309 0.0394342
-1.66406 0.0395286
-1.66504 0.0396602
-1.66602 0.0397982
-1.66699 0.0399127
-1.66797 0.0399813
-1.66895 0.0399928
-1.66992 0.0399474
-1.6709 0.0398535
-1.67188 0.0397244
-1.67285 0.0395733
-1.67383 0.0394091
-1.6748 0.0392335
-1.67578 0.0390399
-1.67676 0.0388159
-1.67773 0.0385481
-1.67871 0.0382281
-1.67969 0.0378586
-1.68066 0.0374556
-1.68164 0.0370453
-1.68262 0.0366569
-1.68359 0.0363124
-1.68457 0.0360193
-1.68555 0.0357679
-1.68652 0.0355365
-1.6875 0.0353017
-1.68848 0.0350502
-1.68945 0.0347862
-1.69043 0.0345306
-1.69141 0.0343121
-1.69238 0.0341527
-1.69336 0.0340548
-1.69434 0.0339949
-1.69531 0.0339284
-1.69629 0.0338035
-1.69727 0.03358
-1.69824 0.0332457
-1.69922 0.0328236
-1.7002 0.0323671
-1.70117 0.0319454
-1.70215 0.0316229
-1.70312 0.0314411
-1.7041 0.0314083
-1.70508 0.0314994
-1.70605 0.031665
-1.70703 0.031846
-1.70801 0.0319878
-1.70898 0.0320502
-1.70996 0.0320113
-1.71094 0.0318658
-1.71191 0.031621
-1.71289 0.0312927
-1.71387 0.0309031
-1.71484 0.030481
-1.71582 0.0300618
-1.7168 0.0296855
-1.71777 0.0293914
-1.71875 0.0292099
-1.71973 0.0291531
-1.7207 0.0292085
-1.72168 0.0293397
-1.72266 0.0294942
-1.72363 0.0296182
-1.72461 0.0296731
-1.72559 0.0296482
-1.72656 0.0295645
-1.72754 0.0294673
-1.72852 0.0294096
-1.72949 0.0294316
-1.73047 0.0295451
-1.73145 0.0297271
-1.73242 0.0299271
-1.7334 0.0300844
-1.73438 0.0301489
-1.73535 0.0300979
-1.73633 0.0299425
-1.7373 0.0297213
-1.73828 0.0294848
-1.73926 0.0292774
-1.74023 0.0291233
-1.74121 0.0290224
-1.74219 0.0289552
-1.74316 0.0288943
-1.74414 0.028817
-1.74512 0.028713
-1.74609 0.0285856
-1.74707 0.0284476
-1.74805 0.0283138
-1.74902 0.0281956
-1.75 0.0280986
-1.75098 0.0280234
-1.75195 0.0279685
-1.75293 0.0279329
-1.75391 0.0279163
-1.75488 0.0279189
-1.75586 0.02794
-1.75684 0.0279775
-1.75781 0.0280281
-1.75879 0.0280873
-1.75977 0.0281489
-1.76074 0.0282027
-1.76172 0.0282325
-1.7627 0.0282163
-1.76367 0.0281298
-1.76465 0.0279537
-1.76562 0.0276821
-1.7666 0.0273279
-1.76758 0.026922
-1.76855 0.0265051
-1.76953 0.0261145
-1.77051 0.0257719
-1.77148 0.0254777
-1.77246 0.0252143
-1.77344 0.0249574
-1.77441 0.0246889
-1.77539 0.0244056
-1.77637 0.0241176
-1.77734 0.0238386
-1.77832 0.023572
-1.7793 0.0233028
-1.78027 0.0230003
-1.78125 0.0226325
-1.78223 0.0221866
-1.7832 0.0216845
-1.78418 0.0211844
-1.78516 0.0207646
-1.78613 0.0204956
-1.78711 0.0204107
-1.78809 0.0204906
-1.78906 0.0206682
-1.79004 0.0208544
-1.79102 0.0209727
-1.79199 0.0209885
-1.79297 0.0209185
-1.79395 0.0208179
-1.79492 0.0207495
-1.7959 0.0207508
-1.79688 0.0208147
-1.79785 0.0208915
-1.79883 0.0209129
-1.7998 0.0208252
-1.80078 0.020616
-1.80176 0.0203224
-1.80273 0.0200165
-1.80371 0.0197758
-1.80469 0.0196514
-1.80566 0.0196502
-1.80664 0.0197358
-1.80762 0.0198488
-1.80859 0.0199339
-1.80957 0.0199622
-1.81055 0.019938
-1.81152 0.0198891
-1.8125 0.0198473
-1.81348 0.0198293
-1.81445 0.0198275
-1.81543 0.0198156
-1.81641 0.0197633
-1.81738 0.019655
-1.81836 0.0194994
-1.81934 0.0193298
-1.82031 0.0191919
-1.82129 0.0191276
-1.82227 0.0191617
-1.82324 0.0192963
-1.82422 0.0195147
-1.8252 0.0197906
-1.82617 0.0200984
-1.82715 0.0204189
-1.82812 0.0207408
-1.8291 0.0210571
-1.83008 0.0213624
-1.83105 0.0216507
-1.83203 0.0219171
-1.83301 0.0221598
-1.83398 0.022381
-1.83496 0.0225858
-1.83594 0.0227792
-1.83691 0.022962
-1.83789 0.0231304
-1.83887 0.0232781
-1.83984 0.0234004
-1.84082 0.0234993
-1.8418 0.0235845
-1.84277 0.0236712
-1.84375 0.0237736
-1.84473 0.023899
-1.8457 0.0240442
-1.84668 0.0241968
-1.84766 0.0243402
-1.84863 0.0244611
-1.84961 0.0245545
-1.85059 0.0246248
-1.85156 0.0246828
-1.85254 0.0247389
-1.85352 0.0247981
-1.85449 0.0248575
-1.85547 0.0249074
-1.85645 0.0249366
-1.85742 0.0249375
-1.8584 0.0249095
-1.85938 0.0248589
-1.86035 0.0247963
-1.86133 0.0247315
-1.8623 0.0246703
-1.86328 0.0246122
-1.86426 0.0245515
-1.86523 0.0244813
-1.86621 0.0243972
-1.86719 0.0243014
-1.86816 0.0242052
-1.86914 0.0241286
-1.87012 0.0240969
-1.87109 0.024135
-1.87207 0.0242599
-1.87305 0.0244736
-1.87402 0.0247588
-1.875 0.02508
-1.87598 0.0253895
-1.87695 0.0256392
-1.87793 0.0257935
-1.87891 0.0258392
-1.87988 0.0257893
-1.88086 0.0256789
-1.88184 0.025554
-1.88281 0.0254576
-1.88379 0.0254186
-1.88477 0.0254461
-1.88574 0.025531
-1.88672 0.0256536
-1.8877 0.0257913
-1.88867 0.0259262
-1.88965 0.0260463
-1.89062 0.0261443
-1.8916 0.0262145
-1.89258 0.0262507
-1.89355 0.0262472
-1.89453 0.026202
-1.89551 0.0261195
-1.89648 0.0260114
-1.89746 0.0258938
-1.89844 0.0257814
-1.89941 0.0256826
-1.90039 0.0255972
-1.90137 0.025518
-1.90234 0.0254365
-1.90332 0.0253489
-1.9043 0.0252595
-1.90527 0.0251799
-1.90625 0.025124
-1.90723 0.0251022
-1.9082 0.0251183
-1.90918 0.0251699
-1.91016 0.0252531
-1.91113 0.0253674
-1.91211 0.0255182
-1.91309 0.0257138
-1.91406 0.0259577
-1.91504 0.0262398
-1.91602 0.0265324
-1.91699 0.0267922
-1.91797 0.026972
-1.91895 0.0270348
-1.91992 0.026968
-1.9209 0.0267881
-1.92188 0.0265368
-1.92285 0.0262666
-1.92383 0.0260242
-1.9248 0.0258368
-1.92578 0.0257069
-1.92676 0.0256172
-1.92773 0.0255416
-1.92871 0.025458
-1.92969 0.0253558
-1.93066 0.0252373
-1.93164 0.0251113
-1.93262 0.0249853
-1.93359 0.02486
-1.93457 0.0247285
-1.93555 0.0245821
-1.93652 0.0244179
-1.9375 0.0242451
-1.93848 0.0240856
-1.93945 0.0239687
-1.94043 0.0239211
-1.94141 0.0239565
-1.94238 0.0240698
-1.94336 0.0242368
-1.94434 0.0244208
-1.94531 0.0245829
-1.94629 0.0246913
-1.94727 0.0247283
-1.94824 0.0246919
-1.94922 0.0245921
-1.9502 0.0244457
-1.95117 0.0242704
-1.95215 0.024081
-1.95312 0.0238882
-1.9541 0.0236994
-1.95508 0.0235206
-1.95605 0.0233582
-1.95703 0.0232195
-1.95801 0.0231124
-1.95898 0.0230447
-1.95996 0.0230225
-1.96094 0.0230492
-1.96191 0.0231245
-1.96289 0.0232439
-1.96387 0.023398
-1.96484 0.0235738
-1.96582 0.0237552
-1.9668 0.023926
-1.96777 0.0240726
-1.96875 0.024186
-1.96973 0.0242638
-1.9707 0.0243085
-1.97168 0.0243252
-1.97266 0.0243172
-1.97363 0.0242834
-1.97461 0.0242172
-1.97559 0.0241087
-1.97656 0.0239502
-1.97754 0.023742
-1.97852 0.0234961
-1.97949 0.023236
-1.98047 0.0229904
-1.98145 0.022785
-1.98242 0.0226326
-1.9834 0.0225289
-1.98438 0.0224541
-1.98535 0.0223819
-1.98633 0.0222921
-1.9873 0.022181
-1.98828 0.0220654
-1.98926 0.0219767
-1.99023 0.0219476
-1.99121 0.0219962
-1.99219 0.0221154
-1.99316 0.0222716
-1.99414 0.0224157
-1.99512 0.0225015
-1.99609 0.0225033
-1.99707 0.0224257
-1.99805 0.0223009
-1.99902 0.0221732
-2 0.0220784
-2 0.0220784
