# ---$x/\lambda_\mathrm{l}$---	---$z/\lambda_\mathrm{l}$---
-2 0.0221327
-1.99902 0.0222248
-1.99805 0.0223432
-1.99707 0.0224575
-1.99609 0.0225304
-1.99512 0.0225345
-1.99414 0.0224659
-1.99316 0.0223465
-1.99219 0.0222159
-1.99121 0.022116
-1.99023 0.0220759
-1.98926 0.0221024
-1.98828 0.0221804
-1.9873 0.0222829
-1.98633 0.0223835
-1.98535 0.0224684
-1.98438 0.022541
-1.9834 0.0226185
-1.98242 0.0227232
-1.98145 0.0228719
-1.98047 0.0230677
-1.97949 0.0232988
-1.97852 0.0235426
-1.97754 0.0237733
-1.97656 0.02397
-1.97559 0.0241214
-1.97461 0.0242268
-1.97363 0.0242926
-1.97266 0.024327
-1.97168 0.0243362
-1.9707 0.0243215
-1.96973 0.0242802
-1.96875 0.0242083
-1.96777 0.0241038
-1.9668 0.0239691
-1.96582 0.0238124
-1.96484 0.023646
-1.96387 0.0234847
-1.96289 0.0233432
-1.96191 0.0232339
-1.96094 0.0231654
-1.95996 0.0231421
-1.95898 0.0231645
-1.95801 0.0232292
-1.95703 0.0233306
-1.95605 0.0234614
-1.95508 0.0236142
-1.9541 0.023782
-1.95312 0.0239589
-1.95215 0.024139
-1.95117 0.0243152
-1.9502 0.0244777
-1.94922 0.0246131
-1.94824 0.0247056
-1.94727 0.0247407
-1.94629 0.0247101
-1.94531 0.0246161
-1.94434 0.0244749
-1.94336 0.0243146
-1.94238 0.0241697
-1.94141 0.0240725
-1.94043 0.0240442
-1.93945 0.0240898
-1.93848 0.0241974
-1.9375 0.0243441
-1.93652 0.0245047
-1.93555 0.0246598
-1.93457 0.0248008
-1.93359 0.0249295
-1.93262 0.025053
-1.93164 0.0251765
-1.93066 0.0252998
-1.92969 0.0254167
-1.92871 0.0255202
-1.92773 0.0256091
-1.92676 0.0256924
-1.92578 0.0257892
-1.9248 0.0259209
-1.92383 0.0261014
-1.92285 0.0263266
-1.92188 0.0265712
-1.9209 0.0267869
-1.91992 0.0268842
-1.91895 0.0269066
-1.91797 0.0268677
-1.91699 0.0267658
-1.91602 0.0265634
-1.91504 0.0263084
-1.91406 0.0260544
-1.91309 0.02583
-1.91211 0.0256462
-1.91113 0.0255015
-1.91016 0.0253899
-1.90918 0.0253074
-1.9082 0.0252546
-1.90723 0.0252349
-1.90625 0.0252505
-1.90527 0.0252982
-1.9043 0.0253688
-1.90332 0.0254503
-1.90234 0.0255324
-1.90137 0.0256105
-1.90039 0.0256871
-1.89941 0.0257685
-1.89844 0.0258603
-1.89746 0.0259626
-1.89648 0.0260681
-1.89551 0.0261643
-1.89453 0.0262377
-1.89355 0.0262782
-1.89258 0.0262816
-1.8916 0.0262494
-1.89062 0.0261864
-1.88965 0.026098
-1.88867 0.0259897
-1.8877 0.0258685
-1.88672 0.0257456
-1.88574 0.0256373
-1.88477 0.0255627
-1.88379 0.0255389
-1.88281 0.0255728
-1.88184 0.0256556
-1.88086 0.0257615
-1.87988 0.0258527
-1.87891 0.0258897
-1.87793 0.025842
-1.87695 0.0256984
-1.87598 0.0254706
-1.875 0.0251896
-1.87402 0.0248973
-1.87305 0.0246358
-1.87207 0.024437
-1.87109 0.0243167
-1.87012 0.0242743
-1.86914 0.0242954
-1.86816 0.0243586
-1.86719 0.0244418
-1.86621 0.0245273
-1.86523 0.0246046
-1.86426 0.0246712
-1.86328 0.0247301
-1.8623 0.024787
-1.86133 0.0248461
-1.86035 0.0249071
-1.85938 0.0249648
-1.8584 0.0250102
-1.85742 0.0250342
-1.85645 0.0250312
-1.85547 0.0250019
-1.85449 0.0249534
-1.85352 0.0248957
-1.85254 0.0248373
-1.85156 0.0247812
-1.85059 0.0247232
-1.84961 0.0246543
-1.84863 0.0245651
-1.84766 0.0244515
-1.84668 0.0243173
-1.8457 0.0241739
-1.84473 0.0240351
-1.84375 0.0239119
-1.84277 0.0238072
-1.8418 0.0237152
-1.84082 0.0236241
-1.83984 0.0235212
-1.83887 0.0233984
-1.83789 0.0232537
-1.83691 0.0230907
-1.83594 0.0229146
-1.83496 0.0227283
-1.83398 0.0225306
-1.83301 0.0223173
-1.83203 0.0220837
-1.83105 0.0218279
-1.83008 0.0215515
-1.8291 0.0212589
-1.82812 0.0209557
-1.82715 0.0206477
-1.82617 0.0203418
-1.8252 0.0200492
-1.82422 0.0197874
-1.82324 0.0195791
-1.82227 0.0194473
-1.82129 0.0194062
-1.82031 0.0194537
-1.81934 0.0195681
-1.81836 0.0197131
-1.81738 0.019849
-1.81641 0.0199466
-1.81543 0.019997
-1.81445 0.0200125
-1.81348 0.0200175
-1.8125 0.0200339
-1.81152 0.0200678
-1.81055 0.0201057
-1.80957 0.0201219
-1.80859 0.0200942
-1.80762 0.0200207
-1.80664 0.0199269
-1.80566 0.0198604
-1.80469 0.0198714
-1.80371 0.0199899
-1.80273 0.0202093
-1.80176 0.0204849
-1.80078 0.0207498
-1.7998 0.0209421
-1.79883 0.0210296
-1.79785 0.0210222
-1.79688 0.0209652
-1.7959 0.0209165
-1.79492 0.0209181
-1.79395 0.0209768
-1.79297 0.0210612
-1.79199 0.0211189
-1.79102 0.0211043
-1.79004 0.0210041
-1.78906 0.0208487
-1.78809 0.0207043
-1.78711 0.0206474
-1.78613 0.0207358
-1.78516 0.0209868
-1.78418 0.0213723
-1.7832 0.0218323
-1.78223 0.0222994
-1.78125 0.0227227
-1.78027 0.023082
-1.7793 0.0233865
-1.77832 0.0236621
-1.77734 0.0239339
-1.77637 0.0242147
-1.77539 0.0245016
-1.77441 0.0247835
-1.77344 0.0250521
-1.77246 0.0253106
-1.77148 0.025574
-1.77051 0.0258631
-1.76953 0.0261925
-1.76855 0.0265611
-1.76758 0.0269476
-1.7666 0.0272933
-1.76562 0.0275468
-1.76465 0.0277468
-1.76367 0.0279072
-1.7627 0.0280319
-1.76172 0.0281217
-1.76074 0.0281715
-1.75977 0.0281623
-1.75879 0.0281176
-1.75781 0.0280702
-1.75684 0.0280288
-1.75586 0.0279982
-1.75488 0.0279821
-1.75391 0.0279829
-1.75293 0.0280015
-1.75195 0.0280378
-1.75098 0.028092
-1.75 0.0281647
-1.74902 0.0282566
-1.74805 0.0283667
-1.74707 0.0284898
-1.74609 0.0286159
-1.74512 0.0287319
-1.74414 0.0288272
-1.74316 0.0288977
-1.74219 0.0289427
-1.74121 0.0289681
-1.74023 0.0289834
-1.73926 0.028992
-1.73828 0.0289953
-1.7373 0.0289941
-1.73633 0.0289888
-1.73535 0.0289799
-1.73438 0.0289678
-1.7334 0.0289531
-1.73242 0.028936
-1.73145 0.0289171
-1.73047 0.0288968
-1.72949 0.0288752
-1.72852 0.0288526
-1.72754 0.028829
-1.72656 0.028804
-1.72559 0.0287774
-1.72461 0.0287493
-1.72363 0.0287198
-1.72266 0.02869
-1.72168 0.0286609
-1.7207 0.0286345
-1.71973 0.0286121
-1.71875 0.0285935
-1.71777 0.028577
-1.7168 0.0285606
-1.71582 0.0285431
-1.71484 0.028524
-1.71387 0.028503
-1.71289 0.0284801
-1.71191 0.0284556
-1.71094 0.0284294
-1.70996 0.0284018
-1.70898 0.0283729
-1.70801 0.0283428
-1.70703 0.0283116
-1.70605 0.0282795
-1.70508 0.0282465
-1.7041 0.0282128
-1.70312 0.0281785
-1.70215 0.0281436
-1.70117 0.0281082
-1.7002 0.0280724
-1.69922 0.0280363
-1.69824 0.0279999
-1.69727 0.0279632
-1.69629 0.0279264
-1.69531 0.0278895
-1.69434 0.0278525
-1.69336 0.0278155
-1.69238 0.0277785
-1.69141 0.0277415
-1.69043 0.0277046
-1.68945 0.0276678
-1.68848 0.0276312
-1.6875 0.0275947
-1.68652 0.0275584
-1.68555 0.0275223
-1.68457 0.0274865
-1.68359 0.0274509
-1.68262 0.0274156
-1.68164 0.0273805
-1.68066 0.0273458
-1.67969 0.0273113
-1.67871 0.0272772
-1.67773 0.0272435
-1.67676 0.02721
-1.67578 0.0271769
-1.6748 0.0271442
-1.67383 0.0271118
-1.67285 0.0270798
-1.67188 0.0270482
-1.6709 0.027017
-1.66992 0.0269861
-1.66895 0.0269556
-1.66797 0.0269255
-1.66699 0.0268958
-1.66602 0.0268664
-1.66504 0.0268375
-1.66406 0.0268089
-1.66309 0.0267807
-1.66211 0.0267528
-1.66113 0.0267254
-1.66016 0.0266983
-1.65918 0.0266716
-1.6582 0.0266453
-1.65723 0.0266193
-1.65625 0.0265937
-1.65527 0.0265684
-1.6543 0.0265435
-1.65332 0.0265189
-1.65234 0.0264947
-1.65137 0.0264708
-1.65039 0.0264472
-1.64941 0.026424
-1.64844 0.026401
-1.64746 0.0263784
-1.64648 0.0263561
-1.64551 0.0263342
-1.64453 0.0263125
-1.64355 0.0262911
-1.64258 0.0262699
-1.6416 0.0262491
-1.64062 0.0262286
-1.63965 0.0262083
-1.63867 0.0261883
-1.6377 0.0261685
-1.63672 0.026149
-1.63574 0.0261298
-1.63477 0.0261108
-1.63379 0.026092
-1.63281 0.0260735
-1.63184 0.0260552
-1.63086 0.0260372
-1.62988 0.0260193
-1.62891 0.0260017
-1.62793 0.0259843
-1.62695 0.0259671
-1.62598 0.0259501
-1.625 0.0259333
-1.62402 0.0259166
-1.62305 0.0259002
-1.62207 0.025884
-1.62109 0.0258679
-1.62012 0.0258521
-1.61914 0.0258364
-1.61816 0.0258209
-1.61719 0.0258055
-1.61621 0.0257903
-1.61523 0.0257753
-1.61426 0.0257604
-1.61328 0.0257457
-1.6123 0.0257311
-1.61133 0.0257167
-1.61035 0.0257024
-1.60938 0.0256883
-1.6084 0.0256743
-1.60742 0.0256605
-1.60645 0.0256468
-1.60547 0.0256332
-1.60449 0.0256197
-1.60352 0.0256064
-1.60254 0.0255932
-1.60156 0.0255802
-1.60059 0.0255672
-1.59961 0.0255544
-1.59863 0.0255417
-1.59766 0.0255291
-1.59668 0.0255166
-1.5957 0.0255042
-1.59473 0.025492
-1.59375 0.0254798
-1.59277 0.0254678
-1.5918 0.0254559
-1.59082 0.025444
-1.58984 0.0254323
-1.58887 0.0254207
-1.58789 0.0254092
-1.58691 0.0253978
-1.58594 0.0253864
-1.58496 0.0253752
-1.58398 0.0253641
-1.58301 0.025353
-1.58203 0.0253421
-1.58105 0.0253312
-1.58008 0.0253205
-1.5791 0.0253098
-1.57812 0.0252992
-1.57715 0.0252887
-1.57617 0.0252783
-1.5752 0.025268
-1.57422 0.0252578
-1.57324 0.0252476
-1.57227 0.0252376
-1.57129 0.0252276
-1.57031 0.0252177
-1.56934 0.0252079
-1.56836 0.0251982
-1.56738 0.0251885
-1.56641 0.0251789
-1.56543 0.0251694
-1.56445 0.02516
-1.56348 0.0251507
-1.5625 0.0251414
-1.56152 0.0251322
-1.56055 0.0251231
-1.55957 0.0251141
-1.55859 0.0251051
-1.55762 0.0250962
-1.55664 0.0250874
-1.55566 0.0250787
-1.55469 0.02507
-1.55371 0.0250614
-1.55273 0.0250529
-1.55176 0.0250445
-1.55078 0.0250361
-1.5498 0.0250278
-1.54883 0.0250195
-1.54785 0.0250114
-1.54688 0.0250033
-1.5459 0.0249952
-1.54492 0.0249873
-1.54395 0.0249794
-1.54297 0.0249715
-1.54199 0.0249638
-1.54102 0.0249561
-1.54004 0.0249484
-1.53906 0.0249409
-1.53809 0.0249334
-1.53711 0.0249259
-1.53613 0.0249185
-1.53516 0.0249112
-1.53418 0.024904
-1.5332 0.0248968
-1.53223 0.0248897
-1.53125 0.0248826
-1.53027 0.0248756
-1.5293 0.0248686
-1.52832 0.0248618
-1.52734 0.0248549
-1.52637 0.0248482
-1.52539 0.0248415
-1.52441 0.0248348
-1.52344 0.0248282
-1.52246 0.0248217
-1.52148 0.0248153
-1.52051 0.0248088
-1.51953 0.0248025
-1.51855 0.0247962
-1.51758 0.0247899
-1.5166 0.0247838
-1.51562 0.0247776
-1.51465 0.0247716
-1.51367 0.0247655
-1.5127 0.0247596
-1.51172 0.0247537
-1.51074 0.0247478
-1.50977 0.024742
-1.50879 0.0247363
-1.50781 0.0247306
-1.50684 0.0247249
-1.50586 0.0247193
-1.50488 0.0247138
-1.50391 0.0247083
-1.50293 0.0247028
-1.50195 0.0246975
-1.50098 0.0246921
-1.5 0.0246868
-1.49902 0.0246816
-1.49805 0.0246764
-1.49707 0.0246713
-1.49609 0.0246662
-1.49512 0.0246611
-1.49414 0.0246562
-1.49316 0.0246512
-1.49219 0.0246463
-1.49121 0.0246415
-1.49023 0.0246367
-1.48926 0.0246319
-1.48828 0.0246272
-1.4873 0.0246225
-1.48633 0.0246179
-1.48535 0.0246133
-1.48438 0.0246088
-1.4834 0.0246043
-1.48242 0.0245999
-1.48145 0.0245955
-1.48047 0.0245911
-1.47949 0.0245868
-1.47852 0.0245826
-1.47754 0.0245784
-1.47656 0.0245742
-1.47559 0.02457
-1.47461 0.0245659
-1.47363 0.0245619
-1.47266 0.0245579
-1.47168 0.0245539
-1.4707 0.02455
-1.46973 0.0245461
-1.46875 0.0245423
-1.46777 0.0245385
-1.4668 0.0245347
-1.46582 0.024531
-1.46484 0.0245273
-1.46387 0.0245236
-1.46289 0.02452
-1.46191 0.0245165
-1.46094 0.0245129
-1.45996 0.0245095
-1.45898 0.024506
-1.45801 0.0245026
-1.45703 0.0244992
-1.45605 0.0244959
-1.45508 0.0244926
-1.4541 0.0244893
-1.45312 0.0244861
-1.45215 0.0244829
-1.45117 0.0244797
-1.4502 0.0244766
-1.44922 0.0244735
-1.44824 0.0244705
-1.44727 0.0244675
-1.44629 0.0244645
-1.44531 0.0244615
-1.44434 0.0244586
-1.44336 0.0244558
-1.44238 0.0244529
-1.44141 0.0244501
-1.44043 0.0244473
-1.43945 0.0244446
-1.43848 0.0244419
-1.4375 0.0244392
-1.43652 0.0244366
-1.43555 0.024434
-1.43457 0.0244314
-1.43359 0.0244289
-1.43262 0.0244263
-1.43164 0.0244239
-1.43066 0.0244214
-1.42969 0.024419
-1.42871 0.0244166
-1.42773 0.0244143
-1.42676 0.024412
-1.42578 0.0244097
-1.4248 0.0244074
-1.42383 0.0244052
-1.42285 0.024403
-1.42188 0.0244008
-1.4209 0.0243987
-1.41992 0.0243966
-1.41895 0.0243945
-1.41797 0.0243925
-1.41699 0.0243904
-1.41602 0.0243885
-1.41504 0.0243865
-1.41406 0.0243846
-1.41309 0.0243827
-1.41211 0.0243808
-1.41113 0.024379
-1.41016 0.0243771
-1.40918 0.0243754
-1.4082 0.0243736
-1.40723 0.0243719
-1.40625 0.0243702
-1.40527 0.0243685
-1.4043 0.0243669
-1.40332 0.0243653
-1.40234 0.0243637
-1.40137 0.0243621
-1.40039 0.0243606
-1.39941 0.0243591
-1.39844 0.0243576
-1.39746 0.0243561
-1.39648 0.0243547
-1.39551 0.0243533
-1.39453 0.0243519
-1.39355 0.0243506
-1.39258 0.0243493
-1.3916 0.024348
-1.39062 0.0243467
-1.38965 0.0243455
-1.38867 0.0243443
-1.3877 0.0243431
-1.38672 0.024342
-1.38574 0.0243408
-1.38477 0.0243397
-1.38379 0.0243386
-1.38281 0.0243376
-1.38184 0.0243366
-1.38086 0.0243356
-1.37988 0.0243346
-1.37891 0.0243337
-1.37793 0.0243327
-1.37695 0.0243318
-1.37598 0.024331
-1.375 0.0243301
-1.37402 0.0243293
-1.37305 0.0243285
-1.37207 0.0243278
-1.37109 0.024327
-1.37012 0.0243263
-1.36914 0.0243256
-1.36816 0.024325
-1.36719 0.0243243
-1.36621 0.0243237
-1.36523 0.0243231
-1.36426 0.0243226
-1.36328 0.024322
-1.3623 0.0243215
-1.36133 0.024321
-1.36035 0.0243206
-1.35938 0.0243202
-1.3584 0.0243198
-1.35742 0.0243194
-1.35645 0.024319
-1.35547 0.0243187
-1.35449 0.0243184
-1.35352 0.0243181
-1.35254 0.0243179
-1.35156 0.0243177
-1.35059 0.0243175
-1.34961 0.0243173
-1.34863 0.0243172
-1.34766 0.0243171
-1.34668 0.024317
-1.3457 0.0243169
-1.34473 0.0243169
-1.34375 0.0243169
-1.34277 0.0243169
-1.3418 0.0243169
-1.34082 0.024317
-1.33984 0.0243171
-1.33887 0.0243173
-1.33789 0.0243174
-1.33691 0.0243176
-1.33594 0.0243178
-1.33496 0.0243181
-1.33398 0.0243183
-1.33301 0.0243186
-1.33203 0.0243189
-1.33105 0.0243193
-1.33008 0.0243197
-1.3291 0.0243201
-1.32812 0.0243205
-1.32715 0.024321
-1.32617 0.0243215
-1.3252 0.024322
-1.32422 0.0243226
-1.32324 0.0243232
-1.32227 0.0243238
-1.32129 0.0243244
-1.32031 0.0243251
-1.31934 0.0243258
-1.31836 0.0243265
-1.31738 0.0243273
-1.31641 0.0243281
-1.31543 0.0243289
-1.31445 0.0243298
-1.31348 0.0243307
-1.3125 0.0243316
-1.31152 0.0243326
-1.31055 0.0243335
-1.30957 0.0243346
-1.30859 0.0243356
-1.30762 0.0243367
-1.30664 0.0243378
-1.30566 0.024339
-1.30469 0.0243402
-1.30371 0.0243414
-1.30273 0.0243426
-1.30176 0.0243439
-1.30078 0.0243452
-1.2998 0.0243466
-1.29883 0.024348
-1.29785 0.0243494
-1.29688 0.0243509
-1.2959 0.0243524
-1.29492 0.0243539
-1.29395 0.0243555
-1.29297 0.0243571
-1.29199 0.0243588
-1.29102 0.0243605
-1.29004 0.0243622
-1.28906 0.024364
-1.28809 0.0243658
-1.28711 0.0243676
-1.28613 0.0243695
-1.28516 0.0243714
-1.28418 0.0243734
-1.2832 0.0243754
-1.28223 0.0243775
-1.28125 0.0243796
-1.28027 0.0243817
-1.2793 0.0243839
-1.27832 0.0243861
-1.27734 0.0243884
-1.27637 0.0243907
-1.27539 0.0243931
-1.27441 0.0243955
-1.27344 0.024398
-1.27246 0.0244005
-1.27148 0.024403
-1.27051 0.0244056
-1.26953 0.0244083
-1.26855 0.024411
-1.26758 0.0244138
-1.2666 0.0244166
-1.26562 0.0244194
-1.26465 0.0244224
-1.26367 0.0244253
-1.2627 0.0244283
-1.26172 0.0244314
-1.26074 0.0244346
-1.25977 0.0244378
-1.25879 0.024441
-1.25781 0.0244443
-1.25684 0.0244477
-1.25586 0.0244511
-1.25488 0.0244546
-1.25391 0.0244582
-1.25293 0.0244618
-1.25195 0.0244655
-1.25098 0.0244692
-1.25 0.024473
-1.24902 0.0244769
-1.24805 0.0244809
-1.24707 0.0244849
-1.24609 0.024489
-1.24512 0.0244931
-1.24414 0.0244974
-1.24316 0.0245017
-1.24219 0.024506
-1.24121 0.0245105
-1.24023 0.024515
-1.23926 0.0245196
-1.23828 0.0245243
-1.2373 0.0245291
-1.23633 0.0245339
-1.23535 0.0245388
-1.23438 0.0245438
-1.2334 0.0245489
-1.23242 0.0245541
-1.23145 0.0245593
-1.23047 0.0245646
-1.22949 0.0245701
-1.22852 0.0245756
-1.22754 0.0245812
-1.22656 0.0245868
-1.22559 0.0245926
-1.22461 0.0245984
-1.22363 0.0246044
-1.22266 0.0246104
-1.22168 0.0246165
-1.2207 0.0246227
-1.21973 0.024629
-1.21875 0.0246353
-1.21777 0.0246418
-1.2168 0.0246483
-1.21582 0.0246549
-1.21484 0.0246616
-1.21387 0.0246684
-1.21289 0.0246752
-1.21191 0.0246821
-1.21094 0.0246891
-1.20996 0.0246962
-1.20898 0.0247033
-1.20801 0.0247105
-1.20703 0.0247177
-1.20605 0.024725
-1.20508 0.0247323
-1.2041 0.0247397
-1.20312 0.0247472
-1.20215 0.0247546
-1.20117 0.0247621
-1.2002 0.0247696
-1.19922 0.0247771
-1.19824 0.0247846
-1.19727 0.0247921
-1.19629 0.0247996
-1.19531 0.0248071
-1.19434 0.0248145
-1.19336 0.0248219
-1.19238 0.0248293
-1.19141 0.0248366
-1.19043 0.0248438
-1.18945 0.024851
-1.18848 0.0248581
-1.1875 0.024865
-1.18652 0.0248718
-1.18555 0.0248784
-1.18457 0.0248848
-1.18359 0.0248909
-1.18262 0.0248967
-1.18164 0.0249021
-1.18066 0.0249071
-1.17969 0.0249115
-1.17871 0.0249152
-1.17773 0.0249181
-1.17676 0.02492
-1.17578 0.0249208
-1.1748 0.0249202
-1.17383 0.0249179
-1.17285 0.0249134
-1.17188 0.0249063
-1.1709 0.0248956
-1.16992 0.0248801
-1.16895 0.0248579
-1.16797 0.0248259
-1.16699 0.0247827
-1.16602 0.0247375
-1.16504 0.0247026
-1.16406 0.0246837
-1.16309 0.0246804
-1.16211 0.0246867
-1.16113 0.0246947
-1.16016 0.0246968
-1.15918 0.0246875
-1.1582 0.0246553
-1.15723 0.0245936
-1.15625 0.0245439
-1.15527 0.0245299
-1.1543 0.024564
-1.15332 0.0246481
-1.15234 0.0247666
-1.15137 0.0248335
-1.15039 0.0248695
-1.14941 0.0248924
-1.14844 0.0249061
-1.14746 0.0249132
-1.14648 0.0249142
-1.14551 0.0249093
-1.14453 0.0248983
-1.14355 0.0248804
-1.14258 0.0248547
-1.1416 0.0248199
-1.14062 0.0247743
-1.13965 0.0247164
-1.13867 0.0246462
-1.1377 0.0245631
-1.13672 0.0244658
-1.13574 0.0243506
-1.13477 0.0241938
-1.13379 0.0240385
-1.13281 0.0239045
-1.13184 0.0238021
-1.13086 0.0237367
-1.12988 0.0237099
-1.12891 0.0237193
-1.12793 0.023757
-1.12695 0.023791
-1.12598 0.0237791
-1.125 0.0237371
-1.12402 0.0236641
-1.12305 0.0235505
-1.12207 0.0233718
-1.12109 0.0230649
-1.12012 0.022703
-1.11914 0.0223646
-1.11816 0.0221014
-1.11719 0.0219386
-1.11621 0.0218657
-1.11523 0.0218408
-1.11426 0.0218076
-1.11328 0.0217187
-1.1123 0.0215556
-1.11133 0.0213362
-1.11035 0.0211064
-1.10938 0.0209194
-1.1084 0.0208124
-1.10742 0.0207903
-1.10645 0.0208254
-1.10547 0.0208718
-1.10449 0.0208883
-1.10352 0.0208596
-1.10254 0.0208041
-1.10156 0.0207678
-1.10059 0.0208044
-1.09961 0.0209533
-1.09863 0.0212248
-1.09766 0.0215994
-1.09668 0.0220397
-1.0957 0.0225094
-1.09473 0.0229876
-1.09375 0.02347
-1.09277 0.0239087
-1.0918 0.0242246
-1.09082 0.0244776
-1.08984 0.0246928
-1.08887 0.0248793
-1.08789 0.0250439
-1.08691 0.0251905
-1.08594 0.0253223
-1.08496 0.0254415
-1.08398 0.0255498
-1.08301 0.0256486
-1.08203 0.0257391
-1.08105 0.025822
-1.08008 0.0258982
-1.0791 0.0259682
-1.07812 0.0260326
-1.07715 0.0260918
-1.07617 0.0261461
-1.0752 0.0261958
-1.07422 0.0262413
-1.07324 0.0262825
-1.07227 0.0263199
-1.07129 0.0263533
-1.07031 0.0263829
-1.06934 0.0264088
-1.06836 0.0264309
-1.06738 0.0264493
-1.06641 0.0264639
-1.06543 0.0264747
-1.06445 0.0264815
-1.06348 0.0264843
-1.0625 0.0264828
-1.06152 0.0264769
-1.06055 0.0264664
-1.05957 0.026451
-1.05859 0.0264304
-1.05762 0.0264043
-1.05664 0.0263722
-1.05566 0.0263339
-1.05469 0.0262887
-1.05371 0.026236
-1.05273 0.0261749
-1.05176 0.0261037
-1.05078 0.0260199
-1.0498 0.0259189
-1.04883 0.0257939
-1.04785 0.0256316
-1.04688 0.0254015
-1.0459 0.0251741
-1.04492 0.025007
-1.04395 0.0249228
-1.04297 0.0249254
-1.04199 0.0250005
-1.04102 0.0251194
-1.04004 0.0252476
-1.03906 0.02536
-1.03809 0.025436
-1.03711 0.0254944
-1.03613 0.0255222
-1.03516 0.0255342
-1.03418 0.0255495
-1.0332 0.0255883
-1.03223 0.0256706
-1.03125 0.0258129
-1.03027 0.0260161
-1.0293 0.0261847
-1.02832 0.0263139
-1.02734 0.026423
-1.02637 0.0265183
-1.02539 0.026603
-1.02441 0.026679
-1.02344 0.0267475
-1.02246 0.0268096
-1.02148 0.0268663
-1.02051 0.026918
-1.01953 0.0269655
-1.01855 0.0270092
-1.01758 0.0270495
-1.0166 0.0270866
-1.01562 0.0271207
-1.01465 0.0271523
-1.01367 0.0271813
-1.0127 0.0272081
-1.01172 0.027233
-1.01074 0.0272561
-1.00977 0.0272777
-1.00879 0.0272981
-1.00781 0.0273173
-1.00684 0.0273352
-1.00586 0.0273516
-1.00488 0.0273663
-1.00391 0.0273787
-1.00293 0.0273882
-1.00195 0.0273942
-1.00098 0.0273957
-1 0.0273914
-0.999023 0.0273803
-0.998047 0.0273601
-0.99707 0.0273288
-0.996094 0.0272817
-0.995117 0.0272123
-0.994141 0.0271001
-0.993164 0.026908
-0.992188 0.0267124
-0.991211 0.0265212
-0.990234 0.0263391
-0.989258 0.0261772
-0.988281 0.0260488
-0.987305 0.0259654
-0.986328 0.0259311
-0.985352 0.025943
-0.984375 0.0259933
-0.983398 0.0260739
-0.982422 0.0261759
-0.981445 0.0262566
-0.980469 0.0262808
-0.979492 0.0262724
-0.978516 0.0262393
-0.977539 0.0261848
-0.976562 0.0261112
-0.975586 0.0260195
-0.974609 0.025911
-0.973633 0.0257864
-0.972656 0.0256479
-0.97168 0.025498
-0.970703 0.0253374
-0.969727 0.0251636
-0.96875 0.0249718
-0.967773 0.0247555
-0.966797 0.0245071
-0.96582 0.0242101
-0.964844 0.0238159
-0.963867 0.0233497
-0.962891 0.0229455
-0.961914 0.0226506
-0.960938 0.0224755
-0.959961 0.0224046
-0.958984 0.0224084
-0.958008 0.0224586
-0.957031 0.0225367
-0.956055 0.0226347
-0.955078 0.0227487
-0.954102 0.0228711
-0.953125 0.0229868
-0.952148 0.0230757
-0.951172 0.0231205
-0.950195 0.0231152
-0.949219 0.0230686
-0.948242 0.0230011
-0.947266 0.0229358
-0.946289 0.0228891
-0.945312 0.0228649
-0.944336 0.0228555
-0.943359 0.0228487
-0.942383 0.0228364
-0.941406 0.0228197
-0.94043 0.0228085
-0.939453 0.0228158
-0.938477 0.0228494
-0.9375 0.0229069
-0.936523 0.022976
-0.935547 0.0230401
-0.93457 0.0230855
-0.933594 0.0231065
-0.932617 0.0231052
-0.931641 0.0230871
-0.930664 0.0230542
-0.929688 0.0230022
-0.928711 0.0229213
-0.927734 0.0228033
-0.926758 0.0226486
-0.925781 0.0224712
-0.924805 0.0222959
-0.923828 0.0221504
-0.922852 0.0220541
-0.921875 0.0220101
-0.920898 0.0220033
-0.919922 0.0220067
-0.918945 0.0219924
-0.917969 0.0219422
-0.916992 0.0218529
-0.916016 0.0217358
-0.915039 0.0216088
-0.914062 0.0214886
-0.913086 0.021385
-0.912109 0.0212998
-0.911133 0.0212311
-0.910156 0.021178
-0.90918 0.0211429
-0.908203 0.0211309
-0.907227 0.0211445
-0.90625 0.0211789
-0.905273 0.0212201
-0.904297 0.0212478
-0.90332 0.0212422
-0.902344 0.0211911
-0.901367 0.0210945
-0.900391 0.0209635
-0.899414 0.0208149
-0.898438 0.0206638
-0.897461 0.0205183
-0.896484 0.0203784
-0.895508 0.02024
-0.894531 0.0201003
-0.893555 0.0199634
-0.892578 0.0198409
-0.891602 0.01975
-0.890625 0.0197072
-0.889648 0.0197239
-0.888672 0.0198032
-0.887695 0.0199408
-0.886719 0.0201274
-0.885742 0.0203517
-0.884766 0.020601
-0.883789 0.020861
-0.882812 0.0211151
-0.881836 0.0213444
-0.880859 0.0215311
-0.879883 0.0216631
-0.878906 0.0217391
-0.87793 0.0217705
-0.876953 0.0217791
-0.875977 0.0217915
-0.875 0.0218311
-0.874023 0.0219122
-0.873047 0.0220377
-0.87207 0.0222009
-0.871094 0.0223902
-0.870117 0.0225942
-0.869141 0.0228036
-0.868164 0.023011
-0.867188 0.0232082
-0.866211 0.0233839
-0.865234 0.0235242
-0.864258 0.023615
-0.863281 0.0236481
-0.862305 0.0236246
-0.861328 0.0235573
-0.860352 0.0234685
-0.859375 0.0233839
-0.858398 0.0233267
-0.857422 0.0233117
-0.856445 0.0233426
-0.855469 0.023412
-0.854492 0.0235047
-0.853516 0.0236005
-0.852539 0.0236789
-0.851562 0.023722
-0.850586 0.0237183
-0.849609 0.0236651
-0.848633 0.0235697
-0.847656 0.0234483
-0.84668 0.0233215
-0.845703 0.0232086
-0.844727 0.0231209
-0.84375 0.0230581
-0.842773 0.0230098
-0.841797 0.0229612
-0.84082 0.022902
-0.839844 0.0228344
-0.838867 0.0227752
-0.837891 0.0227515
-0.836914 0.0227911
-0.835938 0.0229103
-0.834961 0.0231068
-0.833984 0.0233591
-0.833008 0.0236343
-0.832031 0.0239007
-0.831055 0.0241395
-0.830078 0.0243509
-0.829102 0.0245506
-0.828125 0.02476
-0.827148 0.0249932
-0.826172 0.0252443
-0.825195 0.0254611
-0.824219 0.0256423
-0.823242 0.0257929
-0.822266 0.0259146
-0.821289 0.0260092
-0.820312 0.0260773
-0.819336 0.026124
-0.818359 0.0261704
-0.817383 0.02624
-0.816406 0.0263314
-0.81543 0.0264424
-0.814453 0.0265648
-0.813477 0.0266895
-0.8125 0.0268103
-0.811523 0.0269253
-0.810547 0.0270365
-0.80957 0.0271483
-0.808594 0.027264
-0.807617 0.0273807
-0.806641 0.0274855
-0.805664 0.0275758
-0.804688 0.0276511
-0.803711 0.0277122
-0.802734 0.02776
-0.801758 0.027795
-0.800781 0.0278169
-0.799805 0.027825
-0.798828 0.027817
-0.797852 0.0277897
-0.796875 0.0277329
-0.795898 0.0276196
-0.794922 0.0275059
-0.793945 0.0274247
-0.792969 0.0273742
-0.791992 0.027357
-0.791016 0.0273852
-0.790039 0.0274759
-0.789062 0.027642
-0.788086 0.0278735
-0.787109 0.0280547
-0.786133 0.0281746
-0.785156 0.0282635
-0.78418 0.028332
-0.783203 0.0283852
-0.782227 0.0284259
-0.78125 0.0284563
-0.780273 0.0284776
-0.779297 0.0284911
-0.77832 0.0284976
-0.777344 0.0284978
-0.776367 0.0284925
-0.775391 0.0284822
-0.774414 0.0284674
-0.773438 0.0284484
-0.772461 0.0284255
-0.771484 0.0283991
-0.770508 0.0283694
-0.769531 0.0283364
-0.768555 0.0283006
-0.767578 0.0282623
-0.766602 0.0282217
-0.765625 0.0281794
-0.764648 0.0281358
-0.763672 0.0280912
-0.762695 0.0280461
-0.761719 0.0280008
-0.760742 0.0279555
-0.759766 0.0279103
-0.758789 0.027865
-0.757812 0.0278195
-0.756836 0.0277734
-0.755859 0.0277264
-0.754883 0.027678
-0.753906 0.0276277
-0.75293 0.0275749
-0.751953 0.027519
-0.750977 0.0274595
-0.75 0.0273957
-0.749023 0.0273266
-0.748047 0.0272513
-0.74707 0.0271692
-0.746094 0.0270791
-0.745117 0.0269814
-0.744141 0.0268751
-0.743164 0.0267585
-0.742188 0.0266289
-0.741211 0.0264694
-0.740234 0.026319
-0.739258 0.0261785
-0.738281 0.0260373
-0.737305 0.0258864
-0.736328 0.0257266
-0.735352 0.025573
-0.734375 0.0254528
-0.733398 0.0253961
-0.732422 0.0254234
-0.731445 0.0255366
-0.730469 0.0257166
-0.729492 0.025931
-0.728516 0.026145
-0.727539 0.0263139
-0.726562 0.0264383
-0.725586 0.0265427
-0.724609 0.0266354
-0.723633 0.0267193
-0.722656 0.0267948
-0.72168 0.0268606
-0.720703 0.0269159
-0.719727 0.0269607
-0.71875 0.0269956
-0.717773 0.0270217
-0.716797 0.02704
-0.71582 0.0270516
-0.714844 0.0270575
-0.713867 0.0270586
-0.712891 0.0270557
-0.711914 0.0270496
-0.710938 0.0270409
-0.709961 0.0270302
-0.708984 0.0270181
-0.708008 0.027005
-0.707031 0.0269912
-0.706055 0.0269772
-0.705078 0.0269631
-0.704102 0.0269493
-0.703125 0.0269361
-0.702148 0.0269237
-0.701172 0.0269123
-0.700195 0.0269017
-0.699219 0.0268918
-0.698242 0.0268824
-0.697266 0.0268731
-0.696289 0.0268639
-0.695312 0.0268547
-0.694336 0.0268456
-0.693359 0.0268365
-0.692383 0.0268277
-0.691406 0.026819
-0.69043 0.0268106
-0.689453 0.0268025
-0.688477 0.0267946
-0.6875 0.0267869
-0.686523 0.0267793
-0.685547 0.026772
-0.68457 0.0267648
-0.683594 0.026758
-0.682617 0.0267514
-0.681641 0.0267453
-0.680664 0.0267398
-0.679688 0.0267348
-0.678711 0.0267303
-0.677734 0.0267263
-0.676758 0.0267225
-0.675781 0.0267187
-0.674805 0.0267146
-0.673828 0.0267101
-0.672852 0.0267049
-0.671875 0.026699
-0.670898 0.0266921
-0.669922 0.0266843
-0.668945 0.0266756
-0.667969 0.0266659
-0.666992 0.0266552
-0.666016 0.0266437
-0.665039 0.0266312
-0.664062 0.026618
-0.663086 0.0266039
-0.662109 0.0265892
-0.661133 0.0265737
-0.660156 0.0265576
-0.65918 0.0265409
-0.658203 0.0265236
-0.657227 0.0265058
-0.65625 0.0264876
-0.655273 0.026469
-0.654297 0.0264499
-0.65332 0.0264306
-0.652344 0.0264109
-0.651367 0.0263909
-0.650391 0.0263707
-0.649414 0.0263503
-0.648438 0.0263297
-0.647461 0.0263089
-0.646484 0.026288
-0.645508 0.026267
-0.644531 0.0262459
-0.643555 0.0262248
-0.642578 0.0262036
-0.641602 0.0261823
-0.640625 0.0261611
-0.639648 0.0261398
-0.638672 0.0261186
-0.637695 0.0260974
-0.636719 0.0260762
-0.635742 0.0260551
-0.634766 0.026034
-0.633789 0.0260131
-0.632812 0.0259922
-0.631836 0.0259714
-0.630859 0.0259507
-0.629883 0.0259302
-0.628906 0.0259097
-0.62793 0.0258894
-0.626953 0.0258693
-0.625977 0.0258492
-0.625 0.0258294
-0.624023 0.0258097
-0.623047 0.0257901
-0.62207 0.0257707
-0.621094 0.0257515
-0.620117 0.0257324
-0.619141 0.0257135
-0.618164 0.0256948
-0.617188 0.0256763
-0.616211 0.025658
-0.615234 0.0256398
-0.614258 0.0256219
-0.613281 0.0256041
-0.612305 0.0255865
-0.611328 0.0255692
-0.610352 0.025552
-0.609375 0.025535
-0.608398 0.0255182
-0.607422 0.0255015
-0.606445 0.0254851
-0.605469 0.0254689
-0.604492 0.0254528
-0.603516 0.025437
-0.602539 0.0254213
-0.601562 0.0254058
-0.600586 0.0253906
-0.599609 0.0253755
-0.598633 0.0253605
-0.597656 0.0253458
-0.59668 0.0253313
-0.595703 0.0253169
-0.594727 0.0253027
-0.59375 0.0252887
-0.592773 0.0252748
-0.591797 0.0252612
-0.59082 0.0252477
-0.589844 0.0252343
-0.588867 0.0252212
-0.587891 0.0252082
-0.586914 0.0251953
-0.585938 0.0251827
-0.584961 0.0251702
-0.583984 0.0251578
-0.583008 0.0251456
-0.582031 0.0251335
-0.581055 0.0251216
-0.580078 0.0251099
-0.579102 0.0250983
-0.578125 0.0250868
-0.577148 0.0250755
-0.576172 0.0250643
-0.575195 0.0250533
-0.574219 0.0250424
-0.573242 0.0250316
-0.572266 0.025021
-0.571289 0.0250105
-0.570312 0.0250001
-0.569336 0.0249899
-0.568359 0.0249798
-0.567383 0.0249698
-0.566406 0.0249599
-0.56543 0.0249501
-0.564453 0.0249405
-0.563477 0.024931
-0.5625 0.0249216
-0.561523 0.0249123
-0.560547 0.0249031
-0.55957 0.024894
-0.558594 0.024885
-0.557617 0.0248762
-0.556641 0.0248674
-0.555664 0.0248588
-0.554688 0.0248502
-0.553711 0.0248418
-0.552734 0.0248335
-0.551758 0.0248252
-0.550781 0.0248171
-0.549805 0.024809
-0.548828 0.024801
-0.547852 0.0247932
-0.546875 0.0247854
-0.545898 0.0247777
-0.544922 0.0247701
-0.543945 0.0247626
-0.542969 0.0247552
-0.541992 0.0247479
-0.541016 0.0247406
-0.540039 0.0247335
-0.539062 0.0247264
-0.538086 0.0247194
-0.537109 0.0247125
-0.536133 0.0247057
-0.535156 0.0246989
-0.53418 0.0246922
-0.533203 0.0246856
-0.532227 0.0246791
-0.53125 0.0246727
-0.530273 0.0246663
-0.529297 0.02466
-0.52832 0.0246538
-0.527344 0.0246476
-0.526367 0.0246416
-0.525391 0.0246355
-0.524414 0.0246296
-0.523438 0.0246237
-0.522461 0.0246179
-0.521484 0.0246122
-0.520508 0.0246065
-0.519531 0.0246009
-0.518555 0.0245954
-0.517578 0.0245899
-0.516602 0.0245845
-0.515625 0.0245792
-0.514648 0.0245739
-0.513672 0.0245687
-0.512695 0.0245635
-0.511719 0.0245584
-0.510742 0.0245534
-0.509766 0.0245484
-0.508789 0.0245435
-0.507812 0.0245386
-0.506836 0.0245338
-0.505859 0.024529
-0.504883 0.0245244
-0.503906 0.0245197
-0.50293 0.0245151
-0.501953 0.0245106
-0.500977 0.0245061
-0.5 0.0245017
-0.499023 0.0244974
-0.498047 0.0244931
-0.49707 0.0244888
-0.496094 0.0244846
-0.495117 0.0244804
-0.494141 0.0244763
-0.493164 0.0244723
-0.492188 0.0244683
-0.491211 0.0244643
-0.490234 0.0244604
-0.489258 0.0244565
-0.488281 0.0244527
-0.487305 0.024449
-0.486328 0.0244452
-0.485352 0.0244416
-0.484375 0.0244379
-0.483398 0.0244343
-0.482422 0.0244308
-0.481445 0.0244273
-0.480469 0.0244239
-0.479492 0.0244205
-0.478516 0.0244171
-0.477539 0.0244138
-0.476562 0.0244105
-0.475586 0.0244073
-0.474609 0.0244041
-0.473633 0.0244009
-0.472656 0.0243978
-0.47168 0.0243947
-0.470703 0.0243917
-0.469727 0.0243887
-0.46875 0.0243858
-0.467773 0.0243828
-0.466797 0.02438
-0.46582 0.0243771
-0.464844 0.0243743
-0.463867 0.0243716
-0.462891 0.0243688
-0.461914 0.0243661
-0.460938 0.0243635
-0.459961 0.0243609
-0.458984 0.0243583
-0.458008 0.0243557
-0.457031 0.0243532
-0.456055 0.0243507
-0.455078 0.0243483
-0.454102 0.0243459
-0.453125 0.0243435
-0.452148 0.0243411
-0.451172 0.0243388
-0.450195 0.0243366
-0.449219 0.0243343
-0.448242 0.0243321
-0.447266 0.0243299
-0.446289 0.0243277
-0.445312 0.0243256
-0.444336 0.0243235
-0.443359 0.0243215
-0.442383 0.0243194
-0.441406 0.0243174
-0.44043 0.0243155
-0.439453 0.0243135
-0.438477 0.0243116
-0.4375 0.0243097
-0.436523 0.0243078
-0.435547 0.024306
-0.43457 0.0243042
-0.433594 0.0243024
-0.432617 0.0243007
-0.431641 0.024299
-0.430664 0.0242973
-0.429688 0.0242956
-0.428711 0.024294
-0.427734 0.0242923
-0.426758 0.0242907
-0.425781 0.0242892
-0.424805 0.0242876
-0.423828 0.0242861
-0.422852 0.0242846
-0.421875 0.0242832
-0.420898 0.0242817
-0.419922 0.0242803
-0.418945 0.0242789
-0.417969 0.0242775
-0.416992 0.0242762
-0.416016 0.0242749
-0.415039 0.0242736
-0.414062 0.0242723
-0.413086 0.024271
-0.412109 0.0242698
-0.411133 0.0242686
-0.410156 0.0242674
-0.40918 0.0242662
-0.408203 0.0242651
-0.407227 0.024264
-0.40625 0.0242628
-0.405273 0.0242618
-0.404297 0.0242607
-0.40332 0.0242597
-0.402344 0.0242586
-0.401367 0.0242576
-0.400391 0.0242567
-0.399414 0.0242557
-0.398438 0.0242548
-0.397461 0.0242538
-0.396484 0.0242529
-0.395508 0.0242521
-0.394531 0.0242512
-0.393555 0.0242503
-0.392578 0.0242495
-0.391602 0.0242487
-0.390625 0.0242479
-0.389648 0.0242472
-0.388672 0.0242464
-0.387695 0.0242457
-0.386719 0.024245
-0.385742 0.0242443
-0.384766 0.0242436
-0.383789 0.0242429
-0.382812 0.0242423
-0.381836 0.0242417
-0.380859 0.0242411
-0.379883 0.0242405
-0.378906 0.0242399
-0.37793 0.0242393
-0.376953 0.0242388
-0.375977 0.0242383
-0.375 0.0242378
-0.374023 0.0242373
-0.373047 0.0242368
-0.37207 0.0242364
-0.371094 0.0242359
-0.370117 0.0242355
-0.369141 0.0242351
-0.368164 0.0242347
-0.367188 0.0242343
-0.366211 0.024234
-0.365234 0.0242336
-0.364258 0.0242333
-0.363281 0.024233
-0.362305 0.0242327
-0.361328 0.0242324
-0.360352 0.0242322
-0.359375 0.0242319
-0.358398 0.0242317
-0.357422 0.0242315
-0.356445 0.0242313
-0.355469 0.0242311
-0.354492 0.0242309
-0.353516 0.0242307
-0.352539 0.0242306
-0.351562 0.0242305
-0.350586 0.0242304
-0.349609 0.0242303
-0.348633 0.0242302
-0.347656 0.0242301
-0.34668 0.0242301
-0.345703 0.0242301
-0.344727 0.02423
-0.34375 0.02423
-0.342773 0.0242301
-0.341797 0.0242301
-0.34082 0.0242301
-0.339844 0.0242302
-0.338867 0.0242303
-0.337891 0.0242303
-0.336914 0.0242305
-0.335938 0.0242306
-0.334961 0.0242307
-0.333984 0.0242309
-0.333008 0.024231
-0.332031 0.0242312
-0.331055 0.0242314
-0.330078 0.0242316
-0.329102 0.0242318
-0.328125 0.0242321
-0.327148 0.0242323
-0.326172 0.0242326
-0.325195 0.0242329
-0.324219 0.0242332
-0.323242 0.0242335
-0.322266 0.0242338
-0.321289 0.0242342
-0.320312 0.0242345
-0.319336 0.0242349
-0.318359 0.0242353
-0.317383 0.0242357
-0.316406 0.0242361
-0.31543 0.0242366
-0.314453 0.024237
-0.313477 0.0242375
-0.3125 0.024238
-0.311523 0.0242385
-0.310547 0.024239
-0.30957 0.0242396
-0.308594 0.0242401
-0.307617 0.0242407
-0.306641 0.0242413
-0.305664 0.0242419
-0.304688 0.0242425
-0.303711 0.0242432
-0.302734 0.0242438
-0.301758 0.0242445
-0.300781 0.0242452
-0.299805 0.0242459
-0.298828 0.0242466
-0.297852 0.0242473
-0.296875 0.0242481
-0.295898 0.0242489
-0.294922 0.0242497
-0.293945 0.0242505
-0.292969 0.0242513
-0.291992 0.0242522
-0.291016 0.024253
-0.290039 0.0242539
-0.289062 0.0242548
-0.288086 0.0242558
-0.287109 0.0242567
-0.286133 0.0242577
-0.285156 0.0242587
-0.28418 0.0242597
-0.283203 0.0242607
-0.282227 0.0242617
-0.28125 0.0242628
-0.280273 0.0242639
-0.279297 0.024265
-0.27832 0.0242661
-0.277344 0.0242672
-0.276367 0.0242684
-0.275391 0.0242696
-0.274414 0.0242708
-0.273438 0.024272
-0.272461 0.0242733
-0.271484 0.0242746
-0.270508 0.0242759
-0.269531 0.0242772
-0.268555 0.0242785
-0.267578 0.0242799
-0.266602 0.0242813
-0.265625 0.0242827
-0.264648 0.0242841
-0.263672 0.0242856
-0.262695 0.0242871
-0.261719 0.0242886
-0.260742 0.0242901
-0.259766 0.0242917
-0.258789 0.0242933
-0.257812 0.0242949
-0.256836 0.0242965
-0.255859 0.0242982
-0.254883 0.0242999
-0.253906 0.0243016
-0.25293 0.0243033
-0.251953 0.0243051
-0.250977 0.0243069
-0.25 0.0243088
-0.249023 0.0243106
-0.248047 0.0243125
-0.24707 0.0243144
-0.246094 0.0243164
-0.245117 0.0243183
-0.244141 0.0243204
-0.243164 0.0243224
-0.242188 0.0243245
-0.241211 0.0243266
-0.240234 0.0243287
-0.239258 0.0243309
-0.238281 0.0243331
-0.237305 0.0243353
-0.236328 0.0243376
-0.235352 0.0243399
-0.234375 0.0243422
-0.233398 0.0243446
-0.232422 0.024347
-0.231445 0.0243494
-0.230469 0.0243519
-0.229492 0.0243544
-0.228516 0.024357
-0.227539 0.0243596
-0.226562 0.0243622
-0.225586 0.0243649
-0.224609 0.0243676
-0.223633 0.0243703
-0.222656 0.0243731
-0.22168 0.0243759
-0.220703 0.0243788
-0.219727 0.0243817
-0.21875 0.0243847
-0.217773 0.0243877
-0.216797 0.0243907
-0.21582 0.0243938
-0.214844 0.0243969
-0.213867 0.0244001
-0.212891 0.0244033
-0.211914 0.0244066
-0.210938 0.0244099
-0.209961 0.0244133
-0.208984 0.0244167
-0.208008 0.0244202
-0.207031 0.0244237
-0.206055 0.0244273
-0.205078 0.0244309
-0.204102 0.0244346
-0.203125 0.0244383
-0.202148 0.0244421
-0.201172 0.024446
-0.200195 0.0244499
-0.199219 0.0244538
-0.198242 0.0244578
-0.197266 0.0244619
-0.196289 0.0244661
-0.195312 0.0244703
-0.194336 0.0244745
-0.193359 0.0244789
-0.192383 0.0244832
-0.191406 0.0244877
-0.19043 0.0244922
-0.189453 0.0244968
-0.188477 0.0245015
-0.1875 0.0245062
-0.186523 0.024511
-0.185547 0.0245159
-0.18457 0.0245209
-0.183594 0.0245259
-0.182617 0.024531
-0.181641 0.0245362
-0.180664 0.0245415
-0.179688 0.0245468
-0.178711 0.0245523
-0.177734 0.0245578
-0.176758 0.0245634
-0.175781 0.0245691
-0.174805 0.0245749
-0.173828 0.0245808
-0.172852 0.0245868
-0.171875 0.0245928
-0.170898 0.024599
-0.169922 0.0246053
-0.168945 0.0246117
-0.167969 0.0246182
-0.166992 0.0246248
-0.166016 0.0246315
-0.165039 0.0246383
-0.164062 0.0246452
-0.163086 0.0246523
-0.162109 0.0246594
-0.161133 0.0246667
-0.160156 0.0246742
-0.15918 0.0246817
-0.158203 0.0246894
-0.157227 0.0246972
-0.15625 0.0247052
-0.155273 0.0247133
-0.154297 0.0247215
-0.15332 0.0247299
-0.152344 0.0247385
-0.151367 0.0247472
-0.150391 0.0247561
-0.149414 0.0247651
-0.148438 0.0247743
-0.147461 0.0247837
-0.146484 0.0247932
-0.145508 0.0248029
-0.144531 0.0248128
-0.143555 0.0248229
-0.142578 0.0248332
-0.141602 0.0248437
-0.140625 0.0248544
-0.139648 0.0248653
-0.138672 0.0248764
-0.137695 0.0248878
-0.136719 0.0248993
-0.135742 0.0249111
-0.134766 0.0249231
-0.133789 0.0249353
-0.132812 0.0249478
-0.131836 0.0249605
-0.130859 0.0249735
-0.129883 0.0249867
-0.128906 0.0250002
-0.12793 0.025014
-0.126953 0.025028
-0.125977 0.0250423
-0.125 0.0250569
-0.124023 0.0250717
-0.123047 0.0250869
-0.12207 0.0251023
-0.121094 0.0251181
-0.120117 0.0251341
-0.119141 0.0251504
-0.118164 0.0251671
-0.117188 0.025184
-0.116211 0.0252013
-0.115234 0.0252189
-0.114258 0.0252368
-0.113281 0.025255
-0.112305 0.0252735
-0.111328 0.0252924
-0.110352 0.0253116
-0.109375 0.025331
-0.108398 0.0253508
-0.107422 0.0253709
-0.106445 0.0253913
-0.105469 0.0254121
-0.104492 0.0254331
-0.103516 0.0254543
-0.102539 0.0254759
-0.101562 0.0254977
-0.100586 0.0255198
-0.0996094 0.0255421
-0.0986328 0.0255647
-0.0976562 0.0255874
-0.0966797 0.0256103
-0.0957031 0.0256334
-0.0947266 0.0256567
-0.09375 0.02568
-0.0927734 0.0257034
-0.0917969 0.0257269
-0.0908203 0.0257503
-0.0898438 0.0257738
-0.0888672 0.0257971
-0.0878906 0.0258204
-0.0869141 0.0258434
-0.0859375 0.0258663
-0.0849609 0.0258888
-0.0839844 0.025911
-0.0830078 0.0259328
-0.0820312 0.0259541
-0.0810547 0.0259749
-0.0800781 0.0259949
-0.0791016 0.0260143
-0.078125 0.0260328
-0.0771484 0.0260505
-0.0761719 0.026067
-0.0751953 0.0260825
-0.0742188 0.0260967
-0.0732422 0.0261095
-0.0722656 0.0261209
-0.0712891 0.0261306
-0.0703125 0.0261385
-0.0693359 0.0261445
-0.0683594 0.0261484
-0.0673828 0.0261501
-0.0664062 0.0261494
-0.0654297 0.0261461
-0.0644531 0.02614
-0.0634766 0.026131
-0.0625 0.0261188
-0.0615234 0.0261033
-0.0605469 0.0260842
-0.0595703 0.0260612
-0.0585938 0.0260343
-0.0576172 0.026003
-0.0566406 0.0259672
-0.0556641 0.0259267
-0.0546875 0.025881
-0.0537109 0.02583
-0.0527344 0.0257733
-0.0517578 0.0257106
-0.0507812 0.0256416
-0.0498047 0.0255659
-0.0488281 0.0254832
-0.0478516 0.0253929
-0.046875 0.0252947
-0.0458984 0.0251878
-0.0449219 0.0250718
-0.0439453 0.0249456
-0.0429688 0.0248084
-0.0419922 0.0246586
-0.0410156 0.0244943
-0.0400391 0.0243125
-0.0390625 0.0241083
-0.0380859 0.0238735
-0.0371094 0.023587
-0.0361328 0.0231852
-0.0351562 0.0226995
-0.0341797 0.0222459
-0.0332031 0.021859
-0.0322266 0.0215408
-0.03125 0.0212715
-0.0302734 0.0210215
-0.0292969 0.0207673
-0.0283203 0.0205021
-0.0273438 0.0202377
-0.0263672 0.0199961
-0.0253906 0.0197966
-0.0244141 0.019644
-0.0234375 0.0195243
-0.0224609 0.0194115
-0.0214844 0.01928
-0.0205078 0.019119
-0.0195312 0.0189394
-0.0185547 0.0187716
-0.0175781 0.0186533
-0.0166016 0.0186146
-0.015625 0.0186667
-0.0146484 0.018799
-0.0136719 0.0189874
-0.0126953 0.0192067
-0.0117188 0.0194425
-0.0107422 0.0196962
-0.00976562 0.019979
-0.00878906 0.020301
-0.0078125 0.0206586
-0.00683594 0.0210293
-0.00585938 0.0213764
-0.00488281 0.021662
-0.00390625 0.0218623
-0.00292969 0.0219785
-0.00195312 0.0220364
-0.000976562 0.0220757
0 0.0221327
