# ---$x/\lambda_\mathrm{l}$---	---$z/\lambda_\mathrm{l}$---
0 0.0220927
0.000976562 0.022184
0.00195312 0.0222943
0.00292969 0.0223793
0.00390625 0.0224367
0.00488281 0.0224595
0.00585938 0.0224224
0.00683594 0.0223059
0.0078125 0.0221753
0.00878906 0.0220754
0.00976562 0.022035
0.0107422 0.0220612
0.0117188 0.022139
0.0126953 0.0222412
0.0136719 0.0223415
0.0146484 0.0224262
0.015625 0.0224983
0.0166016 0.0225754
0.0175781 0.0226796
0.0185547 0.0228273
0.0195312 0.0230215
0.0205078 0.0232475
0.0214844 0.0234481
0.0224609 0.0235956
0.0234375 0.0237109
0.0244141 0.0238026
0.0253906 0.0238741
0.0263672 0.0239279
0.0273438 0.0239657
0.0283203 0.0239885
0.0292969 0.0239967
0.0302734 0.0239897
0.03125 0.0239657
0.0322266 0.0239217
0.0332031 0.0238538
0.0341797 0.0237526
0.0351562 0.0235962
0.0361328 0.0234369
0.0371094 0.0232962
0.0380859 0.0231869
0.0390625 0.0231183
0.0400391 0.0230948
0.0410156 0.0231167
0.0419922 0.0231808
0.0429688 0.0232813
0.0439453 0.0234107
0.0449219 0.0235608
0.0458984 0.0237232
0.046875 0.0238896
0.0478516 0.0240168
0.0488281 0.0241265
0.0498047 0.0242177
0.0507812 0.0242913
0.0517578 0.0243485
0.0527344 0.0243875
0.0537109 0.0244068
0.0546875 0.0244028
0.0556641 0.0243645
0.0566406 0.024256
0.0576172 0.0241172
0.0585938 0.0240214
0.0595703 0.0239936
0.0605469 0.0240391
0.0615234 0.0241465
0.0625 0.0242928
0.0634766 0.024453
0.0644531 0.0246077
0.0654297 0.0247485
0.0664062 0.0248771
0.0673828 0.0250001
0.0683594 0.0251232
0.0693359 0.0252457
0.0703125 0.0253615
0.0712891 0.0254635
0.0722656 0.0255503
0.0732422 0.0256305
0.0742188 0.025722
0.0751953 0.0258417
0.0761719 0.0259548
0.0771484 0.0260428
0.078125 0.0261119
0.0791016 0.0261642
0.0800781 0.0261994
0.0810547 0.026217
0.0820312 0.0262156
0.0830078 0.0261936
0.0839844 0.0261485
0.0849609 0.0260755
0.0859375 0.0259599
0.0869141 0.0257606
0.0878906 0.0255848
0.0888672 0.0254448
0.0898438 0.0253358
0.0908203 0.0252551
0.0917969 0.0252035
0.0927734 0.0251848
0.09375 0.0252011
0.0947266 0.0252493
0.0957031 0.0253204
0.0966797 0.0254024
0.0976562 0.0254847
0.0986328 0.0255632
0.0996094 0.02564
0.100586 0.0257217
0.101562 0.0258137
0.102539 0.0259159
0.103516 0.0260205
0.104492 0.026103
0.105469 0.0261461
0.106445 0.0261667
0.107422 0.0261706
0.108398 0.0261575
0.109375 0.0261227
0.110352 0.026052
0.111328 0.0259455
0.112305 0.0258248
0.113281 0.0257023
0.114258 0.025594
0.115234 0.0255195
0.116211 0.0254955
0.117188 0.0255288
0.118164 0.0256103
0.119141 0.0257134
0.120117 0.0257955
0.121094 0.0258008
0.12207 0.0257472
0.123047 0.0256375
0.124023 0.0254216
0.125 0.0251459
0.125977 0.0248563
0.126953 0.0245961
0.12793 0.0243982
0.128906 0.0242785
0.129883 0.0242366
0.130859 0.0242581
0.131836 0.0243218
0.132812 0.0244055
0.133789 0.0244914
0.134766 0.0245692
0.135742 0.0246363
0.136719 0.0246957
0.137695 0.0247531
0.138672 0.0248126
0.139648 0.024874
0.140625 0.0249322
0.141602 0.0249782
0.142578 0.0250026
0.143555 0.0250002
0.144531 0.0249715
0.145508 0.0249235
0.146484 0.0248663
0.147461 0.0248085
0.148438 0.0247529
0.149414 0.0246954
0.150391 0.024627
0.151367 0.0245384
0.152344 0.0244254
0.15332 0.0242918
0.154297 0.024149
0.155273 0.0240108
0.15625 0.0238881
0.157227 0.023784
0.158203 0.0236926
0.15918 0.0236021
0.160156 0.0234999
0.161133 0.0233777
0.162109 0.0232337
0.163086 0.0230714
0.164062 0.0228959
0.165039 0.0227102
0.166016 0.0225132
0.166992 0.0223005
0.167969 0.0220677
0.168945 0.0218126
0.169922 0.0215368
0.170898 0.0212449
0.171875 0.0209424
0.172852 0.0206351
0.173828 0.0203298
0.174805 0.0200379
0.175781 0.0197767
0.176758 0.0195691
0.177734 0.0194378
0.178711 0.0193973
0.179688 0.0194453
0.180664 0.0195604
0.181641 0.0197061
0.182617 0.0198428
0.183594 0.0199411
0.18457 0.0199923
0.185547 0.0200085
0.186523 0.0200143
0.1875 0.0200313
0.188477 0.0200659
0.189453 0.0201045
0.19043 0.0201215
0.191406 0.0200946
0.192383 0.0200218
0.193359 0.0199287
0.194336 0.0198628
0.195312 0.0198744
0.196289 0.0199935
0.197266 0.0202135
0.198242 0.0204897
0.199219 0.0207554
0.200195 0.0209485
0.201172 0.0210367
0.202148 0.0210301
0.203125 0.0209739
0.204102 0.0209257
0.205078 0.020928
0.206055 0.0209873
0.207031 0.0210723
0.208008 0.0211308
0.208984 0.0211169
0.209961 0.0210174
0.210938 0.0208627
0.211914 0.0207188
0.212891 0.0206623
0.213867 0.0207512
0.214844 0.0210026
0.21582 0.0213885
0.216797 0.0218491
0.217773 0.0223167
0.21875 0.0227407
0.219727 0.0231007
0.220703 0.0234059
0.22168 0.023682
0.222656 0.0239545
0.223633 0.0242359
0.224609 0.0245234
0.225586 0.024806
0.226562 0.0250753
0.227539 0.0253344
0.228516 0.0255986
0.229492 0.0258884
0.230469 0.0262188
0.231445 0.0265889
0.232422 0.0269802
0.233398 0.0273603
0.234375 0.027694
0.235352 0.0279541
0.236328 0.0281292
0.237305 0.0282239
0.238281 0.0282535
0.239258 0.0282392
0.240234 0.0282007
0.241211 0.0281525
0.242188 0.0281045
0.243164 0.0280632
0.244141 0.028033
0.245117 0.0280174
0.246094 0.0280189
0.24707 0.0280381
0.248047 0.0280752
0.249023 0.0281301
0.25 0.0282037
0.250977 0.0282966
0.251953 0.0284079
0.25293 0.0285324
0.253906 0.0286602
0.254883 0.0287787
0.255859 0.0288775
0.256836 0.0289541
0.257812 0.0290178
0.258789 0.0290878
0.259766 0.0291871
0.260742 0.0293312
0.261719 0.029518
0.262695 0.0297132
0.263672 0.0298214
0.264648 0.0298807
0.265625 0.0299064
0.266602 0.0299002
0.267578 0.0298559
0.268555 0.0297426
0.269531 0.0295883
0.270508 0.0294861
0.271484 0.0294614
0.272461 0.0295048
0.273438 0.0295819
0.274414 0.0296404
0.275391 0.0296382
0.276367 0.0295964
0.277344 0.0295063
0.27832 0.0293798
0.279297 0.0292733
0.280273 0.0292307
0.28125 0.0292835
0.282227 0.0294372
0.283203 0.0296468
0.28418 0.0297843
0.285156 0.0298857
0.286133 0.029968
0.287109 0.0300351
0.288086 0.0300904
0.289062 0.0301353
0.290039 0.030171
0.291016 0.030198
0.291992 0.0302173
0.292969 0.0302296
0.293945 0.0302355
0.294922 0.0302358
0.295898 0.030231
0.296875 0.0302216
0.297852 0.0302081
0.298828 0.0301911
0.299805 0.0301707
0.300781 0.0301474
0.301758 0.0301215
0.302734 0.0300932
0.303711 0.0300628
0.304688 0.0300305
0.305664 0.0299965
0.306641 0.029961
0.307617 0.0299242
0.308594 0.0298862
0.30957 0.0298471
0.310547 0.0298071
0.311523 0.0297662
0.3125 0.0297247
0.313477 0.0296825
0.314453 0.0296398
0.31543 0.0295966
0.316406 0.0295531
0.317383 0.0295092
0.318359 0.0294651
0.319336 0.0294208
0.320312 0.0293763
0.321289 0.0293318
0.322266 0.0292872
0.323242 0.0292426
0.324219 0.029198
0.325195 0.0291535
0.326172 0.0291091
0.327148 0.0290648
0.328125 0.0290207
0.329102 0.0289767
0.330078 0.028933
0.331055 0.0288894
0.332031 0.0288462
0.333008 0.0288032
0.333984 0.0287604
0.334961 0.028718
0.335938 0.0286759
0.336914 0.0286341
0.337891 0.0285926
0.338867 0.0285515
0.339844 0.0285108
0.34082 0.0284704
0.341797 0.0284304
0.342773 0.0283908
0.34375 0.0283516
0.344727 0.0283127
0.345703 0.0282743
0.34668 0.0282362
0.347656 0.0281986
0.348633 0.0281614
0.349609 0.0281246
0.350586 0.0280882
0.351562 0.0280522
0.352539 0.0280166
0.353516 0.0279814
0.354492 0.0279466
0.355469 0.0279123
0.356445 0.0278783
0.357422 0.0278448
0.358398 0.0278116
0.359375 0.0277789
0.360352 0.0277465
0.361328 0.0277146
0.362305 0.027683
0.363281 0.0276518
0.364258 0.0276211
0.365234 0.0275906
0.366211 0.0275606
0.367188 0.0275309
0.368164 0.0275016
0.369141 0.0274727
0.370117 0.0274441
0.371094 0.0274159
0.37207 0.027388
0.373047 0.0273605
0.374023 0.0273333
0.375 0.0273064
0.375977 0.0272799
0.376953 0.0272537
0.37793 0.0272278
0.378906 0.0272022
0.379883 0.0271769
0.380859 0.0271519
0.381836 0.0271272
0.382812 0.0271029
0.383789 0.0270788
0.384766 0.0270549
0.385742 0.0270314
0.386719 0.0270081
0.387695 0.0269851
0.388672 0.0269624
0.389648 0.0269399
0.390625 0.0269177
0.391602 0.0268957
0.392578 0.026874
0.393555 0.0268525
0.394531 0.0268312
0.395508 0.0268102
0.396484 0.0267893
0.397461 0.0267688
0.398438 0.0267484
0.399414 0.0267282
0.400391 0.0267083
0.401367 0.0266885
0.402344 0.026669
0.40332 0.0266496
0.404297 0.0266305
0.405273 0.0266115
0.40625 0.0265928
0.407227 0.0265742
0.408203 0.0265557
0.40918 0.0265375
0.410156 0.0265194
0.411133 0.0265015
0.412109 0.0264838
0.413086 0.0264662
0.414062 0.0264488
0.415039 0.0264316
0.416016 0.0264145
0.416992 0.0263975
0.417969 0.0263807
0.418945 0.0263641
0.419922 0.0263476
0.420898 0.0263312
0.421875 0.026315
0.422852 0.0262989
0.423828 0.0262829
0.424805 0.0262671
0.425781 0.0262514
0.426758 0.0262358
0.427734 0.0262204
0.428711 0.0262051
0.429688 0.0261899
0.430664 0.0261748
0.431641 0.0261599
0.432617 0.026145
0.433594 0.0261303
0.43457 0.0261157
0.435547 0.0261012
0.436523 0.0260868
0.4375 0.0260725
0.438477 0.0260583
0.439453 0.0260442
0.44043 0.0260302
0.441406 0.0260164
0.442383 0.0260026
0.443359 0.0259889
0.444336 0.0259754
0.445312 0.0259619
0.446289 0.0259485
0.447266 0.0259352
0.448242 0.025922
0.449219 0.0259089
0.450195 0.0258959
0.451172 0.025883
0.452148 0.0258702
0.453125 0.0258574
0.454102 0.0258448
0.455078 0.0258322
0.456055 0.0258197
0.457031 0.0258073
0.458008 0.025795
0.458984 0.0257828
0.459961 0.0257707
0.460938 0.0257586
0.461914 0.0257466
0.462891 0.0257347
0.463867 0.0257229
0.464844 0.0257112
0.46582 0.0256995
0.466797 0.0256879
0.467773 0.0256764
0.46875 0.025665
0.469727 0.0256536
0.470703 0.0256423
0.47168 0.0256311
0.472656 0.02562
0.473633 0.0256089
0.474609 0.025598
0.475586 0.0255871
0.476562 0.0255762
0.477539 0.0255655
0.478516 0.0255548
0.479492 0.0255441
0.480469 0.0255336
0.481445 0.0255231
0.482422 0.0255127
0.483398 0.0255023
0.484375 0.0254921
0.485352 0.0254819
0.486328 0.0254717
0.487305 0.0254617
0.488281 0.0254517
0.489258 0.0254417
0.490234 0.0254319
0.491211 0.0254221
0.492188 0.0254123
0.493164 0.0254027
0.494141 0.0253931
0.495117 0.0253835
0.496094 0.025374
0.49707 0.0253646
0.498047 0.0253553
0.499023 0.025346
0.5 0.0253368
0.500977 0.0253277
0.501953 0.0253186
0.50293 0.0253095
0.503906 0.0253006
0.504883 0.0252917
0.505859 0.0252828
0.506836 0.0252741
0.507812 0.0252654
0.508789 0.0252567
0.509766 0.0252481
0.510742 0.0252396
0.511719 0.0252311
0.512695 0.0252227
0.513672 0.0252144
0.514648 0.0252061
0.515625 0.0251978
0.516602 0.0251897
0.517578 0.0251816
0.518555 0.0251735
0.519531 0.0251655
0.520508 0.0251576
0.521484 0.0251497
0.522461 0.0251419
0.523438 0.0251341
0.524414 0.0251264
0.525391 0.0251188
0.526367 0.0251112
0.527344 0.0251036
0.52832 0.0250962
0.529297 0.0250888
0.530273 0.0250814
0.53125 0.0250741
0.532227 0.0250668
0.533203 0.0250596
0.53418 0.0250525
0.535156 0.0250454
0.536133 0.0250384
0.537109 0.0250314
0.538086 0.0250245
0.539062 0.0250176
0.540039 0.0250108
0.541016 0.025004
0.541992 0.0249973
0.542969 0.0249907
0.543945 0.0249841
0.544922 0.0249775
0.545898 0.024971
0.546875 0.0249646
0.547852 0.0249582
0.548828 0.0249518
0.549805 0.0249455
0.550781 0.0249393
0.551758 0.0249331
0.552734 0.024927
0.553711 0.0249209
0.554688 0.0249148
0.555664 0.0249088
0.556641 0.0249029
0.557617 0.024897
0.558594 0.0248912
0.55957 0.0248854
0.560547 0.0248796
0.561523 0.0248739
0.5625 0.0248683
0.563477 0.0248627
0.564453 0.0248571
0.56543 0.0248516
0.566406 0.0248461
0.567383 0.0248407
0.568359 0.0248354
0.569336 0.02483
0.570312 0.0248248
0.571289 0.0248195
0.572266 0.0248143
0.573242 0.0248092
0.574219 0.0248041
0.575195 0.024799
0.576172 0.024794
0.577148 0.0247891
0.578125 0.0247841
0.579102 0.0247793
0.580078 0.0247744
0.581055 0.0247696
0.582031 0.0247649
0.583008 0.0247602
0.583984 0.0247555
0.584961 0.0247509
0.585938 0.0247463
0.586914 0.0247418
0.587891 0.0247372
0.588867 0.0247328
0.589844 0.0247284
0.59082 0.024724
0.591797 0.0247196
0.592773 0.0247153
0.59375 0.0247111
0.594727 0.0247069
0.595703 0.0247027
0.59668 0.0246985
0.597656 0.0246944
0.598633 0.0246904
0.599609 0.0246863
0.600586 0.0246823
0.601562 0.0246784
0.602539 0.0246745
0.603516 0.0246706
0.604492 0.0246667
0.605469 0.0246629
0.606445 0.0246592
0.607422 0.0246554
0.608398 0.0246517
0.609375 0.0246481
0.610352 0.0246444
0.611328 0.0246408
0.612305 0.0246373
0.613281 0.0246337
0.614258 0.0246303
0.615234 0.0246268
0.616211 0.0246234
0.617188 0.02462
0.618164 0.0246166
0.619141 0.0246133
0.620117 0.02461
0.621094 0.0246068
0.62207 0.0246035
0.623047 0.0246004
0.624023 0.0245972
0.625 0.0245941
0.625977 0.024591
0.626953 0.0245879
0.62793 0.0245849
0.628906 0.0245819
0.629883 0.0245789
0.630859 0.024576
0.631836 0.0245731
0.632812 0.0245702
0.633789 0.0245674
0.634766 0.0245645
0.635742 0.0245618
0.636719 0.024559
0.637695 0.0245563
0.638672 0.0245536
0.639648 0.0245509
0.640625 0.0245483
0.641602 0.0245457
0.642578 0.0245431
0.643555 0.0245405
0.644531 0.024538
0.645508 0.0245355
0.646484 0.024533
0.647461 0.0245306
0.648438 0.0245282
0.649414 0.0245258
0.650391 0.0245234
0.651367 0.0245211
0.652344 0.0245188
0.65332 0.0245165
0.654297 0.0245143
0.655273 0.0245121
0.65625 0.0245099
0.657227 0.0245077
0.658203 0.0245056
0.65918 0.0245035
0.660156 0.0245014
0.661133 0.0244993
0.662109 0.0244973
0.663086 0.0244953
0.664062 0.0244933
0.665039 0.0244913
0.666016 0.0244894
0.666992 0.0244875
0.667969 0.0244856
0.668945 0.0244837
0.669922 0.0244819
0.670898 0.0244801
0.671875 0.0244783
0.672852 0.0244765
0.673828 0.0244748
0.674805 0.0244731
0.675781 0.0244714
0.676758 0.0244697
0.677734 0.0244681
0.678711 0.0244665
0.679688 0.0244649
0.680664 0.0244633
0.681641 0.0244618
0.682617 0.0244603
0.683594 0.0244588
0.68457 0.0244573
0.685547 0.0244558
0.686523 0.0244544
0.6875 0.024453
0.688477 0.0244516
0.689453 0.0244503
0.69043 0.024449
0.691406 0.0244476
0.692383 0.0244464
0.693359 0.0244451
0.694336 0.0244438
0.695312 0.0244426
0.696289 0.0244414
0.697266 0.0244403
0.698242 0.0244391
0.699219 0.024438
0.700195 0.0244369
0.701172 0.0244358
0.702148 0.0244347
0.703125 0.0244337
0.704102 0.0244327
0.705078 0.0244317
0.706055 0.0244307
0.707031 0.0244297
0.708008 0.0244288
0.708984 0.0244279
0.709961 0.024427
0.710938 0.0244262
0.711914 0.0244253
0.712891 0.0244245
0.713867 0.0244237
0.714844 0.0244229
0.71582 0.0244222
0.716797 0.0244215
0.717773 0.0244207
0.71875 0.0244201
0.719727 0.0244194
0.720703 0.0244188
0.72168 0.0244181
0.722656 0.0244175
0.723633 0.024417
0.724609 0.0244164
0.725586 0.0244159
0.726562 0.0244154
0.727539 0.0244149
0.728516 0.0244144
0.729492 0.024414
0.730469 0.0244136
0.731445 0.0244132
0.732422 0.0244128
0.733398 0.0244125
0.734375 0.0244121
0.735352 0.0244118
0.736328 0.0244115
0.737305 0.0244113
0.738281 0.0244111
0.739258 0.0244108
0.740234 0.0244107
0.741211 0.0244105
0.742188 0.0244104
0.743164 0.0244103
0.744141 0.0244102
0.745117 0.0244101
0.746094 0.0244101
0.74707 0.0244101
0.748047 0.0244101
0.749023 0.0244101
0.75 0.0244102
0.750977 0.0244103
0.751953 0.0244104
0.75293 0.0244106
0.753906 0.0244107
0.754883 0.0244109
0.755859 0.0244112
0.756836 0.0244114
0.757812 0.0244117
0.758789 0.0244121
0.759766 0.0244124
0.760742 0.0244128
0.761719 0.0244132
0.762695 0.0244137
0.763672 0.0244142
0.764648 0.0244147
0.765625 0.0244152
0.766602 0.0244158
0.767578 0.0244164
0.768555 0.0244171
0.769531 0.0244178
0.770508 0.0244185
0.771484 0.0244193
0.772461 0.0244201
0.773438 0.0244209
0.774414 0.0244218
0.775391 0.0244227
0.776367 0.0244237
0.777344 0.0244247
0.77832 0.0244258
0.779297 0.0244269
0.780273 0.024428
0.78125 0.0244292
0.782227 0.0244304
0.783203 0.0244317
0.78418 0.024433
0.785156 0.0244344
0.786133 0.0244358
0.787109 0.0244373
0.788086 0.0244388
0.789062 0.0244404
0.790039 0.024442
0.791016 0.0244437
0.791992 0.0244454
0.792969 0.0244472
0.793945 0.024449
0.794922 0.0244509
0.795898 0.0244528
0.796875 0.0244548
0.797852 0.0244568
0.798828 0.0244589
0.799805 0.0244611
0.800781 0.0244632
0.801758 0.0244655
0.802734 0.0244677
0.803711 0.02447
0.804688 0.0244724
0.805664 0.0244748
0.806641 0.0244772
0.807617 0.0244796
0.808594 0.0244821
0.80957 0.0244846
0.810547 0.0244871
0.811523 0.0244897
0.8125 0.0244922
0.813477 0.0244947
0.814453 0.0244972
0.81543 0.0244997
0.816406 0.0245022
0.817383 0.0245046
0.818359 0.0245069
0.819336 0.0245091
0.820312 0.0245113
0.821289 0.0245133
0.822266 0.0245152
0.823242 0.0245168
0.824219 0.0245183
0.825195 0.0245194
0.826172 0.0245203
0.827148 0.0245207
0.828125 0.0245206
0.829102 0.0245198
0.830078 0.0245181
0.831055 0.0245152
0.832031 0.0245106
0.833008 0.024504
0.833984 0.0244957
0.834961 0.0244876
0.835938 0.0244825
0.836914 0.0244821
0.837891 0.0244854
0.838867 0.0244904
0.839844 0.024495
0.84082 0.0244983
0.841797 0.0245003
0.842773 0.024502
0.84375 0.0245021
0.844727 0.0244972
0.845703 0.0245115
0.84668 0.0245177
0.847656 0.0245204
0.848633 0.0245216
0.849609 0.0245208
0.850586 0.0245183
0.851562 0.024514
0.852539 0.0245078
0.853516 0.0244995
0.854492 0.024489
0.855469 0.0244761
0.856445 0.0244605
0.857422 0.0244418
0.858398 0.0244196
0.859375 0.0243933
0.860352 0.0243623
0.861328 0.0243257
0.862305 0.0242825
0.863281 0.0242318
0.864258 0.0241727
0.865234 0.0241023
0.866211 0.0240088
0.867188 0.0238828
0.868164 0.0237824
0.869141 0.023718
0.870117 0.0236912
0.871094 0.0236978
0.87207 0.0237018
0.873047 0.0236764
0.874023 0.0236346
0.875 0.0235777
0.875977 0.0235017
0.876953 0.0233987
0.87793 0.0232553
0.878906 0.023034
0.879883 0.0226836
0.880859 0.0223474
0.881836 0.0220855
0.882812 0.0219231
0.883789 0.0218504
0.884766 0.0218254
0.885742 0.0217923
0.886719 0.0217036
0.887695 0.0215408
0.888672 0.0213217
0.889648 0.021092
0.890625 0.020905
0.891602 0.0207978
0.892578 0.0207755
0.893555 0.0208104
0.894531 0.0208565
0.895508 0.0208728
0.896484 0.0208436
0.897461 0.0207876
0.898438 0.0207506
0.899414 0.0207862
0.900391 0.0209338
0.901367 0.0212035
0.902344 0.0215757
0.90332 0.0220122
0.904297 0.0224758
0.905273 0.0229345
0.90625 0.0232742
0.907227 0.0235274
0.908203 0.0237343
0.90918 0.0239088
0.910156 0.0240598
0.911133 0.0241921
0.912109 0.0243094
0.913086 0.0244142
0.914062 0.0245086
0.915039 0.024594
0.916016 0.0246717
0.916992 0.0247426
0.917969 0.0248076
0.918945 0.0248672
0.919922 0.0249221
0.920898 0.0249726
0.921875 0.0250192
0.922852 0.0250622
0.923828 0.0251019
0.924805 0.0251386
0.925781 0.0251723
0.926758 0.0252034
0.927734 0.025232
0.928711 0.0252581
0.929688 0.025282
0.930664 0.0253037
0.931641 0.0253233
0.932617 0.0253409
0.933594 0.0253565
0.93457 0.0253701
0.935547 0.0253818
0.936523 0.0253916
0.9375 0.0253995
0.938477 0.0254054
0.939453 0.0254093
0.94043 0.0254113
0.941406 0.0254111
0.942383 0.0254087
0.943359 0.025404
0.944336 0.0253968
0.945312 0.0253869
0.946289 0.025374
0.947266 0.0253576
0.948242 0.0253373
0.949219 0.0253123
0.950195 0.0252815
0.951172 0.0252434
0.952148 0.0251956
0.953125 0.0251351
0.954102 0.0250567
0.955078 0.0249499
0.956055 0.0248751
0.957031 0.024876
0.958008 0.0249255
0.958984 0.0249507
0.959961 0.0249776
0.960938 0.0250092
0.961914 0.0250454
0.962891 0.0250852
0.963867 0.0251265
0.964844 0.0251686
0.96582 0.0252116
0.966797 0.025256
0.967773 0.0253022
0.96875 0.0253498
0.969727 0.0253977
0.970703 0.025445
0.97168 0.025491
0.972656 0.0255354
0.973633 0.0255779
0.974609 0.0256184
0.975586 0.0256571
0.976562 0.0256939
0.977539 0.025729
0.978516 0.0257624
0.979492 0.0257944
0.980469 0.025825
0.981445 0.0258542
0.982422 0.0258822
0.983398 0.025909
0.984375 0.0259346
0.985352 0.025959
0.986328 0.0259824
0.987305 0.0260045
0.988281 0.0260256
0.989258 0.0260454
0.990234 0.026064
0.991211 0.0260814
0.992188 0.0260975
0.993164 0.0261121
0.994141 0.0261254
0.995117 0.0261371
0.996094 0.0261472
0.99707 0.0261556
0.998047 0.0261621
0.999023 0.0261667
1 0.0261691
1.00098 0.0261693
1.00195 0.026167
1.00293 0.026162
1.00391 0.0261541
1.00488 0.0261429
1.00586 0.0261282
1.00684 0.0261094
1.00781 0.0260861
1.00879 0.0260574
1.00977 0.0260224
1.01074 0.0259799
1.01172 0.0259302
1.0127 0.0258821
1.01367 0.0258424
1.01465 0.025808
1.01562 0.0257728
1.0166 0.0257362
1.01758 0.025697
1.01855 0.025654
1.01953 0.0256063
1.02051 0.0255527
1.02148 0.0254928
1.02246 0.025426
1.02344 0.0253522
1.02441 0.025271
1.02539 0.0251819
1.02637 0.0250846
1.02734 0.0249783
1.02832 0.0248624
1.0293 0.0247361
1.03027 0.0245977
1.03125 0.0244456
1.03223 0.024277
1.0332 0.024088
1.03418 0.0238729
1.03516 0.0236209
1.03613 0.0232929
1.03711 0.0229057
1.03809 0.0226146
1.03906 0.0224415
1.04004 0.0223714
1.04102 0.0223759
1.04199 0.0224265
1.04297 0.0225049
1.04395 0.022603
1.04492 0.0227172
1.0459 0.0228398
1.04688 0.0229557
1.04785 0.0230447
1.04883 0.0230897
1.0498 0.0230845
1.05078 0.023038
1.05176 0.0229705
1.05273 0.0229053
1.05371 0.0228586
1.05469 0.0228344
1.05566 0.022825
1.05664 0.0228182
1.05762 0.0228059
1.05859 0.0227893
1.05957 0.0227782
1.06055 0.0227857
1.06152 0.0228194
1.0625 0.022877
1.06348 0.0229463
1.06445 0.0230105
1.06543 0.0230561
1.06641 0.0230772
1.06738 0.0230761
1.06836 0.023058
1.06934 0.0230252
1.07031 0.0229731
1.07129 0.0228922
1.07227 0.022774
1.07324 0.0226194
1.07422 0.0224423
1.0752 0.0222674
1.07617 0.0221222
1.07715 0.0220263
1.07812 0.0219827
1.0791 0.0219762
1.08008 0.02198
1.08105 0.0219661
1.08203 0.0219161
1.08301 0.0218272
1.08398 0.0217104
1.08496 0.0215837
1.08594 0.0214638
1.08691 0.0213604
1.08789 0.0212755
1.08887 0.0212071
1.08984 0.0211541
1.09082 0.0211193
1.0918 0.0211076
1.09277 0.0211214
1.09375 0.0211561
1.09473 0.0211975
1.0957 0.0212255
1.09668 0.0212203
1.09766 0.0211695
1.09863 0.0210733
1.09961 0.0209426
1.10059 0.0207943
1.10156 0.0206436
1.10254 0.0204984
1.10352 0.0203588
1.10449 0.0202207
1.10547 0.0200814
1.10645 0.0199447
1.10742 0.0198226
1.1084 0.0197319
1.10938 0.0196894
1.11035 0.0197063
1.11133 0.0197858
1.1123 0.0199236
1.11328 0.0201106
1.11426 0.0203351
1.11523 0.0205847
1.11621 0.0208451
1.11719 0.0210995
1.11816 0.0213292
1.11914 0.0215163
1.12012 0.0216487
1.12109 0.0217251
1.12207 0.0217569
1.12305 0.0217658
1.12402 0.0217785
1.125 0.0218184
1.12598 0.0218998
1.12695 0.0220256
1.12793 0.0221891
1.12891 0.0223787
1.12988 0.022583
1.13086 0.0227927
1.13184 0.0230004
1.13281 0.023198
1.13379 0.0233741
1.13477 0.0235148
1.13574 0.0236061
1.13672 0.0236395
1.1377 0.0236164
1.13867 0.0235495
1.13965 0.023461
1.14062 0.0233768
1.1416 0.0233199
1.14258 0.0233052
1.14355 0.0233363
1.14453 0.023406
1.14551 0.023499
1.14648 0.0235952
1.14746 0.0236739
1.14844 0.0237173
1.14941 0.023714
1.15039 0.0236612
1.15137 0.0235662
1.15234 0.0234452
1.15332 0.0233187
1.1543 0.0232061
1.15527 0.0231186
1.15625 0.0230561
1.15723 0.0230081
1.1582 0.0229598
1.15918 0.022901
1.16016 0.0228337
1.16113 0.0227748
1.16211 0.0227514
1.16309 0.0227911
1.16406 0.0229105
1.16504 0.0231073
1.16602 0.0233599
1.16699 0.0236353
1.16797 0.023902
1.16895 0.0241413
1.16992 0.024353
1.1709 0.0245532
1.17188 0.0247632
1.17285 0.0249971
1.17383 0.025251
1.1748 0.0254854
1.17578 0.0256761
1.17676 0.0258373
1.17773 0.0259667
1.17871 0.0260646
1.17969 0.0261276
1.18066 0.0261491
1.18164 0.026187
1.18262 0.0262683
1.18359 0.0263909
1.18457 0.0265116
1.18555 0.0266391
1.18652 0.0267686
1.1875 0.0268938
1.18848 0.0270131
1.18945 0.0271272
1.19043 0.0272318
1.19141 0.0273388
1.19238 0.0274838
1.19336 0.0276291
1.19434 0.0277427
1.19531 0.0278335
1.19629 0.0279048
1.19727 0.0279579
1.19824 0.0279934
1.19922 0.0280106
1.2002 0.0280073
1.20117 0.0279797
1.20215 0.0279176
1.20312 0.027793
1.2041 0.0276403
1.20508 0.0275223
1.20605 0.0274404
1.20703 0.0273897
1.20801 0.0273729
1.20898 0.027402
1.20996 0.0274948
1.21094 0.0276646
1.21191 0.0279109
1.21289 0.0282044
1.21387 0.0284102
1.21484 0.0285554
1.21582 0.0286673
1.2168 0.0287555
1.21777 0.0288259
1.21875 0.0288818
1.21973 0.0289257
1.2207 0.0289592
1.22168 0.028984
1.22266 0.0290011
1.22363 0.0290118
1.22461 0.0290167
1.22559 0.0290168
1.22656 0.0290123
1.22754 0.0290036
1.22852 0.028991
1.22949 0.0289744
1.23047 0.0289539
1.23145 0.0289295
1.23242 0.0289014
1.2334 0.0288697
1.23438 0.0288349
1.23535 0.0287972
1.23633 0.028757
1.2373 0.0287148
1.23828 0.0286706
1.23926 0.0286247
1.24023 0.028577
1.24121 0.0285272
1.24219 0.0284751
1.24316 0.0284201
1.24414 0.0283616
1.24512 0.0282988
1.24609 0.028231
1.24707 0.0281574
1.24805 0.0280774
1.24902 0.02799
1.25 0.0278944
1.25098 0.0277896
1.25195 0.0276738
1.25293 0.0275452
1.25391 0.0274001
1.25488 0.027235
1.25586 0.0270465
1.25684 0.0268543
1.25781 0.0266689
1.25879 0.0264985
1.25977 0.0263452
1.26074 0.0262032
1.26172 0.0260613
1.2627 0.02591
1.26367 0.02575
1.26465 0.0255962
1.26562 0.0254759
1.2666 0.0254192
1.26758 0.0254466
1.26855 0.02556
1.26953 0.0257404
1.27051 0.0259557
1.27148 0.0261731
1.27246 0.0263719
1.27344 0.0265497
1.27441 0.0267164
1.27539 0.0268672
1.27637 0.0270004
1.27734 0.0271212
1.27832 0.0272253
1.2793 0.0273087
1.28027 0.0273661
1.28125 0.0273827
1.28223 0.0273215
1.2832 0.0272508
1.28418 0.0272417
1.28516 0.0273156
1.28613 0.0274555
1.28711 0.0275792
1.28809 0.0276401
1.28906 0.0276732
1.29004 0.0276915
1.29102 0.0276997
1.29199 0.027701
1.29297 0.0276974
1.29395 0.0276913
1.29492 0.0276854
1.2959 0.0276818
1.29688 0.0276818
1.29785 0.0276864
1.29883 0.0276966
1.2998 0.0277123
1.30078 0.0277324
1.30176 0.0277544
1.30273 0.027776
1.30371 0.0277952
1.30469 0.0278115
1.30566 0.0278245
1.30664 0.0278346
1.30762 0.0278421
1.30859 0.0278481
1.30957 0.0278547
1.31055 0.0278641
1.31152 0.0278773
1.3125 0.0278929
1.31348 0.0279088
1.31445 0.0279242
1.31543 0.0279386
1.31641 0.0279521
1.31738 0.0279653
1.31836 0.027979
1.31934 0.0279938
1.32031 0.0280105
1.32129 0.0280297
1.32227 0.0280516
1.32324 0.0280757
1.32422 0.0281012
1.3252 0.028127
1.32617 0.0281522
1.32715 0.0281756
1.32812 0.0281968
1.3291 0.0282153
1.33008 0.0282307
1.33105 0.0282432
1.33203 0.0282526
1.33301 0.028259
1.33398 0.0282627
1.33496 0.0282637
1.33594 0.0282622
1.33691 0.0282585
1.33789 0.0282526
1.33887 0.0282449
1.33984 0.0282354
1.34082 0.0282244
1.3418 0.0282119
1.34277 0.0281983
1.34375 0.0281836
1.34473 0.0281679
1.3457 0.0281515
1.34668 0.0281343
1.34766 0.0281165
1.34863 0.0280982
1.34961 0.0280794
1.35059 0.0280602
1.35156 0.0280406
1.35254 0.0280207
1.35352 0.0280005
1.35449 0.0279799
1.35547 0.027959
1.35645 0.0279378
1.35742 0.0279163
1.3584 0.0278944
1.35938 0.0278723
1.36035 0.0278498
1.36133 0.0278269
1.3623 0.0278038
1.36328 0.0277803
1.36426 0.0277565
1.36523 0.0277323
1.36621 0.0277079
1.36719 0.0276831
1.36816 0.0276581
1.36914 0.0276328
1.37012 0.0276072
1.37109 0.0275813
1.37207 0.0275552
1.37305 0.0275289
1.37402 0.0275024
1.375 0.0274757
1.37598 0.0274488
1.37695 0.0274217
1.37793 0.0273946
1.37891 0.0273673
1.37988 0.0273399
1.38086 0.0273124
1.38184 0.0272849
1.38281 0.0272573
1.38379 0.0272297
1.38477 0.0272021
1.38574 0.0271744
1.38672 0.0271468
1.3877 0.0271192
1.38867 0.0270917
1.38965 0.0270642
1.39062 0.0270367
1.3916 0.0270094
1.39258 0.0269821
1.39355 0.0269549
1.39453 0.0269278
1.39551 0.0269009
1.39648 0.026874
1.39746 0.0268474
1.39844 0.0268208
1.39941 0.0267944
1.40039 0.0267682
1.40137 0.0267421
1.40234 0.0267162
1.40332 0.0266904
1.4043 0.0266649
1.40527 0.0266395
1.40625 0.0266143
1.40723 0.0265893
1.4082 0.0265645
1.40918 0.0265399
1.41016 0.0265155
1.41113 0.0264913
1.41211 0.0264673
1.41309 0.0264435
1.41406 0.0264199
1.41504 0.0263965
1.41602 0.0263734
1.41699 0.0263504
1.41797 0.0263277
1.41895 0.0263052
1.41992 0.0262829
1.4209 0.0262608
1.42188 0.0262389
1.42285 0.0262172
1.42383 0.0261958
1.4248 0.0261745
1.42578 0.0261535
1.42676 0.0261327
1.42773 0.026112
1.42871 0.0260916
1.42969 0.0260714
1.43066 0.0260514
1.43164 0.0260316
1.43262 0.0260121
1.43359 0.0259927
1.43457 0.0259735
1.43555 0.0259545
1.43652 0.0259357
1.4375 0.0259171
1.43848 0.0258987
1.43945 0.0258805
1.44043 0.0258624
1.44141 0.0258446
1.44238 0.025827
1.44336 0.0258095
1.44434 0.0257922
1.44531 0.0257751
1.44629 0.0257582
1.44727 0.0257414
1.44824 0.0257248
1.44922 0.0257084
1.4502 0.0256922
1.45117 0.0256761
1.45215 0.0256602
1.45312 0.0256445
1.4541 0.0256289
1.45508 0.0256135
1.45605 0.0255983
1.45703 0.0255832
1.45801 0.0255683
1.45898 0.0255535
1.45996 0.0255389
1.46094 0.0255244
1.46191 0.0255101
1.46289 0.0254959
1.46387 0.0254819
1.46484 0.025468
1.46582 0.0254543
1.4668 0.0254407
1.46777 0.0254273
1.46875 0.025414
1.46973 0.0254008
1.4707 0.0253878
1.47168 0.0253749
1.47266 0.0253621
1.47363 0.0253495
1.47461 0.025337
1.47559 0.0253246
1.47656 0.0253124
1.47754 0.0253003
1.47852 0.0252883
1.47949 0.0252764
1.48047 0.0252647
1.48145 0.025253
1.48242 0.0252415
1.4834 0.0252302
1.48438 0.0252189
1.48535 0.0252078
1.48633 0.0251967
1.4873 0.0251858
1.48828 0.025175
1.48926 0.0251644
1.49023 0.0251538
1.49121 0.0251433
1.49219 0.025133
1.49316 0.0251227
1.49414 0.0251126
1.49512 0.0251026
1.49609 0.0250927
1.49707 0.0250828
1.49805 0.0250731
1.49902 0.0250635
1.5 0.025054
1.50098 0.0250446
1.50195 0.0250353
1.50293 0.0250261
1.50391 0.025017
1.50488 0.025008
1.50586 0.0249991
1.50684 0.0249903
1.50781 0.0249815
1.50879 0.0249729
1.50977 0.0249644
1.51074 0.0249559
1.51172 0.0249476
1.5127 0.0249393
1.51367 0.0249312
1.51465 0.0249231
1.51562 0.0249151
1.5166 0.0249072
1.51758 0.0248994
1.51855 0.0248916
1.51953 0.024884
1.52051 0.0248764
1.52148 0.0248689
1.52246 0.0248615
1.52344 0.0248542
1.52441 0.024847
1.52539 0.0248398
1.52637 0.0248328
1.52734 0.0248258
1.52832 0.0248189
1.5293 0.024812
1.53027 0.0248053
1.53125 0.0247986
1.53223 0.024792
1.5332 0.0247854
1.53418 0.024779
1.53516 0.0247726
1.53613 0.0247663
1.53711 0.02476
1.53809 0.0247538
1.53906 0.0247477
1.54004 0.0247417
1.54102 0.0247358
1.54199 0.0247299
1.54297 0.024724
1.54395 0.0247183
1.54492 0.0247126
1.5459 0.024707
1.54688 0.0247014
1.54785 0.0246959
1.54883 0.0246905
1.5498 0.0246851
1.55078 0.0246798
1.55176 0.0246746
1.55273 0.0246694
1.55371 0.0246643
1.55469 0.0246593
1.55566 0.0246543
1.55664 0.0246493
1.55762 0.0246445
1.55859 0.0246396
1.55957 0.0246349
1.56055 0.0246302
1.56152 0.0246255
1.5625 0.0246209
1.56348 0.0246164
1.56445 0.0246119
1.56543 0.0246075
1.56641 0.0246031
1.56738 0.0245988
1.56836 0.0245946
1.56934 0.0245904
1.57031 0.0245862
1.57129 0.0245821
1.57227 0.024578
1.57324 0.024574
1.57422 0.0245701
1.5752 0.0245662
1.57617 0.0245623
1.57715 0.0245585
1.57812 0.0245547
1.5791 0.024551
1.58008 0.0245473
1.58105 0.0245437
1.58203 0.0245401
1.58301 0.0245366
1.58398 0.0245331
1.58496 0.0245297
1.58594 0.0245263
1.58691 0.0245229
1.58789 0.0245196
1.58887 0.0245163
1.58984 0.0245131
1.59082 0.0245099
1.5918 0.0245068
1.59277 0.0245037
1.59375 0.0245006
1.59473 0.0244976
1.5957 0.0244946
1.59668 0.0244917
1.59766 0.0244888
1.59863 0.0244859
1.59961 0.0244831
1.60059 0.0244803
1.60156 0.0244775
1.60254 0.0244748
1.60352 0.0244721
1.60449 0.0244695
1.60547 0.0244668
1.60645 0.0244643
1.60742 0.0244617
1.6084 0.0244592
1.60938 0.0244567
1.61035 0.0244543
1.61133 0.0244519
1.6123 0.0244495
1.61328 0.0244472
1.61426 0.0244449
1.61523 0.0244426
1.61621 0.0244404
1.61719 0.0244381
1.61816 0.024436
1.61914 0.0244338
1.62012 0.0244317
1.62109 0.0244296
1.62207 0.0244275
1.62305 0.0244255
1.62402 0.0244235
1.625 0.0244215
1.62598 0.0244196
1.62695 0.0244176
1.62793 0.0244157
1.62891 0.0244139
1.62988 0.024412
1.63086 0.0244102
1.63184 0.0244084
1.63281 0.0244067
1.63379 0.0244049
1.63477 0.0244032
1.63574 0.0244015
1.63672 0.0243999
1.6377 0.0243983
1.63867 0.0243966
1.63965 0.0243951
1.64062 0.0243935
1.6416 0.024392
1.64258 0.0243904
1.64355 0.024389
1.64453 0.0243875
1.64551 0.024386
1.64648 0.0243846
1.64746 0.0243832
1.64844 0.0243818
1.64941 0.0243805
1.65039 0.0243792
1.65137 0.0243778
1.65234 0.0243766
1.65332 0.0243753
1.6543 0.024374
1.65527 0.0243728
1.65625 0.0243716
1.65723 0.0243704
1.6582 0.0243692
1.65918 0.0243681
1.66016 0.024367
1.66113 0.0243658
1.66211 0.0243648
1.66309 0.0243637
1.66406 0.0243626
1.66504 0.0243616
1.66602 0.0243606
1.66699 0.0243596
1.66797 0.0243586
1.66895 0.0243576
1.66992 0.0243567
1.6709 0.0243558
1.67188 0.0243548
1.67285 0.0243539
1.67383 0.0243531
1.6748 0.0243522
1.67578 0.0243514
1.67676 0.0243505
1.67773 0.0243497
1.67871 0.0243489
1.67969 0.0243482
1.68066 0.0243474
1.68164 0.0243466
1.68262 0.0243459
1.68359 0.0243452
1.68457 0.0243445
1.68555 0.0243438
1.68652 0.0243431
1.6875 0.0243425
1.68848 0.0243418
1.68945 0.0243412
1.69043 0.0243406
1.69141 0.02434
1.69238 0.0243394
1.69336 0.0243389
1.69434 0.0243383
1.69531 0.0243378
1.69629 0.0243372
1.69727 0.0243367
1.69824 0.0243362
1.69922 0.0243358
1.7002 0.0243353
1.70117 0.0243348
1.70215 0.0243344
1.70312 0.0243339
1.7041 0.0243335
1.70508 0.0243331
1.70605 0.0243327
1.70703 0.0243323
1.70801 0.024332
1.70898 0.0243316
1.70996 0.0243313
1.71094 0.024331
1.71191 0.0243306
1.71289 0.0243303
1.71387 0.02433
1.71484 0.0243298
1.71582 0.0243295
1.7168 0.0243292
1.71777 0.024329
1.71875 0.0243288
1.71973 0.0243285
1.7207 0.0243283
1.72168 0.0243281
1.72266 0.024328
1.72363 0.0243278
1.72461 0.0243276
1.72559 0.0243275
1.72656 0.0243273
1.72754 0.0243272
1.72852 0.0243271
1.72949 0.024327
1.73047 0.0243269
1.73145 0.0243268
1.73242 0.0243268
1.7334 0.0243267
1.73438 0.0243266
1.73535 0.0243266
1.73633 0.0243266
1.7373 0.0243266
1.73828 0.0243266
1.73926 0.0243266
1.74023 0.0243266
1.74121 0.0243266
1.74219 0.0243267
1.74316 0.0243267
1.74414 0.0243268
1.74512 0.0243269
1.74609 0.0243269
1.74707 0.024327
1.74805 0.0243271
1.74902 0.0243273
1.75 0.0243274
1.75098 0.0243275
1.75195 0.0243277
1.75293 0.0243278
1.75391 0.024328
1.75488 0.0243282
1.75586 0.0243284
1.75684 0.0243286
1.75781 0.0243288
1.75879 0.024329
1.75977 0.0243293
1.76074 0.0243295
1.76172 0.0243298
1.7627 0.02433
1.76367 0.0243303
1.76465 0.0243306
1.76562 0.0243309
1.7666 0.0243312
1.76758 0.0243315
1.76855 0.0243319
1.76953 0.0243322
1.77051 0.0243325
1.77148 0.0243329
1.77246 0.0243333
1.77344 0.0243337
1.77441 0.0243341
1.77539 0.0243345
1.77637 0.0243349
1.77734 0.0243353
1.77832 0.0243358
1.7793 0.0243362
1.78027 0.0243367
1.78125 0.0243372
1.78223 0.0243376
1.7832 0.0243381
1.78418 0.0243386
1.78516 0.0243392
1.78613 0.0243397
1.78711 0.0243402
1.78809 0.0243408
1.78906 0.0243413
1.79004 0.0243419
1.79102 0.0243425
1.79199 0.0243431
1.79297 0.0243437
1.79395 0.0243443
1.79492 0.0243449
1.7959 0.0243456
1.79688 0.0243462
1.79785 0.0243469
1.79883 0.0243476
1.7998 0.0243483
1.80078 0.024349
1.80176 0.0243497
1.80273 0.0243504
1.80371 0.0243512
1.80469 0.0243519
1.80566 0.0243527
1.80664 0.0243535
1.80762 0.0243542
1.80859 0.024355
1.80957 0.0243559
1.81055 0.0243567
1.81152 0.0243575
1.8125 0.0243584
1.81348 0.0243592
1.81445 0.0243601
1.81543 0.024361
1.81641 0.0243619
1.81738 0.0243629
1.81836 0.0243638
1.81934 0.0243648
1.82031 0.0243657
1.82129 0.0243667
1.82227 0.0243677
1.82324 0.0243687
1.82422 0.0243698
1.8252 0.0243708
1.82617 0.0243719
1.82715 0.024373
1.82812 0.0243741
1.8291 0.0243752
1.83008 0.0243763
1.83105 0.0243775
1.83203 0.0243787
1.83301 0.0243799
1.83398 0.0243811
1.83496 0.0243823
1.83594 0.0243836
1.83691 0.0243849
1.83789 0.0243862
1.83887 0.0243875
1.83984 0.0243889
1.84082 0.0243903
1.8418 0.0243917
1.84277 0.0243932
1.84375 0.0243946
1.84473 0.0243962
1.8457 0.0243977
1.84668 0.0243993
1.84766 0.0244009
1.84863 0.0244025
1.84961 0.0244042
1.85059 0.0244059
1.85156 0.0244076
1.85254 0.0244094
1.85352 0.0244113
1.85449 0.0244131
1.85547 0.0244151
1.85645 0.024417
1.85742 0.0244191
1.8584 0.0244211
1.85938 0.0244232
1.86035 0.0244254
1.86133 0.0244276
1.8623 0.0244299
1.86328 0.0244323
1.86426 0.0244347
1.86523 0.0244372
1.86621 0.0244397
1.86719 0.0244423
1.86816 0.024445
1.86914 0.0244478
1.87012 0.0244506
1.87109 0.0244535
1.87207 0.0244565
1.87305 0.0244595
1.87402 0.0244627
1.875 0.0244659
1.87598 0.0244693
1.87695 0.0244727
1.87793 0.0244762
1.87891 0.0244798
1.87988 0.0244835
1.88086 0.0244874
1.88184 0.0244913
1.88281 0.0244953
1.88379 0.0244994
1.88477 0.0245037
1.88574 0.024508
1.88672 0.0245125
1.8877 0.024517
1.88867 0.0245217
1.88965 0.0245265
1.89062 0.0245314
1.8916 0.0245364
1.89258 0.0245415
1.89355 0.0245468
1.89453 0.0245521
1.89551 0.0245575
1.89648 0.0245631
1.89746 0.0245687
1.89844 0.0245745
1.89941 0.0245803
1.90039 0.0245862
1.90137 0.0245922
1.90234 0.0245983
1.90332 0.0246044
1.9043 0.0246106
1.90527 0.0246168
1.90625 0.0246231
1.90723 0.0246293
1.9082 0.0246356
1.90918 0.0246418
1.91016 0.0246481
1.91113 0.0246542
1.91211 0.0246603
1.91309 0.0246663
1.91406 0.0246722
1.91504 0.0246779
1.91602 0.0246834
1.91699 0.0246887
1.91797 0.0246938
1.91895 0.0246985
1.91992 0.024703
1.9209 0.024707
1.92188 0.0247107
1.92285 0.0247138
1.92383 0.0247165
1.9248 0.0247185
1.92578 0.0247199
1.92676 0.0247206
1.92773 0.0247205
1.92871 0.0247195
1.92969 0.0247176
1.93066 0.0247146
1.93164 0.0247106
1.93262 0.0247053
1.93359 0.0246986
1.93457 0.0246906
1.93555 0.024681
1.93652 0.0246697
1.9375 0.0246566
1.93848 0.0246416
1.93945 0.0246246
1.94043 0.0246052
1.94141 0.0245835
1.94238 0.0245592
1.94336 0.0245322
1.94434 0.0245021
1.94531 0.0244689
1.94629 0.0244323
1.94727 0.024392
1.94824 0.0243478
1.94922 0.0242993
1.9502 0.0242463
1.95117 0.0241884
1.95215 0.0241253
1.95312 0.0240565
1.9541 0.0239817
1.95508 0.0239004
1.95605 0.0238119
1.95703 0.0237159
1.95801 0.0236114
1.95898 0.0234978
1.95996 0.0233737
1.96094 0.0232378
1.96191 0.0230876
1.96289 0.0229195
1.96387 0.0227275
1.96484 0.0224952
1.96582 0.0221731
1.9668 0.021807
1.96777 0.0214964
1.96875 0.0212315
1.96973 0.020984
1.9707 0.0207315
1.97168 0.0204673
1.97266 0.0202036
1.97363 0.0199624
1.97461 0.0197632
1.97559 0.0196106
1.97656 0.019491
1.97754 0.0193782
1.97852 0.0192467
1.97949 0.0190856
1.98047 0.018906
1.98145 0.0187379
1.98242 0.0186194
1.9834 0.0185804
1.98438 0.0186322
1.98535 0.0187642
1.98633 0.0189523
1.9873 0.0191713
1.98828 0.0194068
1.98926 0.0196601
1.99023 0.0199426
1.99121 0.020264
1.99219 0.0206206
1.99316 0.0209879
1.99414 0.0213061
1.99512 0.0215405
1.99609 0.0217216
1.99707 0.0218622
1.99805 0.0219665
1.99902 0.0220334
2 0.0220927
