# ---$x/\lambda_\mathrm{l}$---	---$z/\lambda_\mathrm{l}$---
-2 0.0220927
-1.99902 0.022184
-1.99805 0.0222943
-1.99707 0.0223793
-1.99609 0.0224367
-1.99512 0.0224595
-1.99414 0.0224224
-1.99316 0.0223059
-1.99219 0.0221753
-1.99121 0.0220754
-1.99023 0.022035
-1.98926 0.0220612
-1.98828 0.022139
-1.9873 0.0222412
-1.98633 0.0223415
-1.98535 0.0224262
-1.98438 0.0224983
-1.9834 0.0225754
-1.98242 0.0226796
-1.98145 0.0228273
-1.98047 0.0230215
-1.97949 0.0232475
-1.97852 0.0234481
-1.97754 0.0235956
-1.97656 0.0237109
-1.97559 0.0238026
-1.97461 0.0238741
-1.97363 0.0239279
-1.97266 0.0239657
-1.97168 0.0239885
-1.9707 0.0239967
-1.96973 0.0239897
-1.96875 0.0239657
-1.96777 0.0239217
-1.9668 0.0238538
-1.96582 0.0237526
-1.96484 0.0235962
-1.96387 0.0234369
-1.96289 0.0232962
-1.96191 0.0231869
-1.96094 0.0231183
-1.95996 0.0230948
-1.95898 0.0231167
-1.95801 0.0231808
-1.95703 0.0232813
-1.95605 0.0234107
-1.95508 0.0235608
-1.9541 0.0237232
-1.95312 0.0238896
-1.95215 0.0240168
-1.95117 0.0241265
-1.9502 0.0242177
-1.94922 0.0242913
-1.94824 0.0243485
-1.94727 0.0243875
-1.94629 0.0244068
-1.94531 0.0244028
-1.94434 0.0243645
-1.94336 0.024256
-1.94238 0.0241172
-1.94141 0.0240214
-1.94043 0.0239936
-1.93945 0.0240391
-1.93848 0.0241465
-1.9375 0.0242928
-1.93652 0.024453
-1.93555 0.0246077
-1.93457 0.0247485
-1.93359 0.0248771
-1.93262 0.0250001
-1.93164 0.0251232
-1.93066 0.0252457
-1.92969 0.0253615
-1.92871 0.0254635
-1.92773 0.0255503
-1.92676 0.0256305
-1.92578 0.025722
-1.9248 0.0258417
-1.92383 0.0259548
-1.92285 0.0260428
-1.92188 0.0261119
-1.9209 0.0261642
-1.91992 0.0261994
-1.91895 0.026217
-1.91797 0.0262156
-1.91699 0.0261936
-1.91602 0.0261485
-1.91504 0.0260755
-1.91406 0.0259599
-1.91309 0.0257606
-1.91211 0.0255848
-1.91113 0.0254448
-1.91016 0.0253358
-1.90918 0.0252551
-1.9082 0.0252035
-1.90723 0.0251848
-1.90625 0.0252011
-1.90527 0.0252493
-1.9043 0.0253204
-1.90332 0.0254024
-1.90234 0.0254847
-1.90137 0.0255632
-1.90039 0.02564
-1.89941 0.0257217
-1.89844 0.0258137
-1.89746 0.0259159
-1.89648 0.0260205
-1.89551 0.026103
-1.89453 0.0261461
-1.89355 0.0261667
-1.89258 0.0261706
-1.8916 0.0261575
-1.89062 0.0261227
-1.88965 0.026052
-1.88867 0.0259455
-1.8877 0.0258248
-1.88672 0.0257023
-1.88574 0.025594
-1.88477 0.0255195
-1.88379 0.0254955
-1.88281 0.0255288
-1.88184 0.0256103
-1.88086 0.0257134
-1.87988 0.0257955
-1.87891 0.0258008
-1.87793 0.0257472
-1.87695 0.0256375
-1.87598 0.0254216
-1.875 0.0251459
-1.87402 0.0248563
-1.87305 0.0245961
-1.87207 0.0243982
-1.87109 0.0242785
-1.87012 0.0242366
-1.86914 0.0242581
-1.86816 0.0243218
-1.86719 0.0244055
-1.86621 0.0244914
-1.86523 0.0245692
-1.86426 0.0246363
-1.86328 0.0246957
-1.8623 0.0247531
-1.86133 0.0248126
-1.86035 0.024874
-1.85938 0.0249322
-1.8584 0.0249782
-1.85742 0.0250026
-1.85645 0.0250002
-1.85547 0.0249715
-1.85449 0.0249235
-1.85352 0.0248663
-1.85254 0.0248085
-1.85156 0.0247529
-1.85059 0.0246954
-1.84961 0.024627
-1.84863 0.0245384
-1.84766 0.0244254
-1.84668 0.0242918
-1.8457 0.024149
-1.84473 0.0240108
-1.84375 0.0238881
-1.84277 0.023784
-1.8418 0.0236926
-1.84082 0.0236021
-1.83984 0.0234999
-1.83887 0.0233777
-1.83789 0.0232337
-1.83691 0.0230714
-1.83594 0.0228959
-1.83496 0.0227102
-1.83398 0.0225132
-1.83301 0.0223005
-1.83203 0.0220677
-1.83105 0.0218126
-1.83008 0.0215368
-1.8291 0.0212449
-1.82812 0.0209424
-1.82715 0.0206351
-1.82617 0.0203298
-1.8252 0.0200379
-1.82422 0.0197767
-1.82324 0.0195691
-1.82227 0.0194378
-1.82129 0.0193973
-1.82031 0.0194453
-1.81934 0.0195604
-1.81836 0.0197061
-1.81738 0.0198428
-1.81641 0.0199411
-1.81543 0.0199923
-1.81445 0.0200085
-1.81348 0.0200143
-1.8125 0.0200313
-1.81152 0.0200659
-1.81055 0.0201045
-1.80957 0.0201215
-1.80859 0.0200946
-1.80762 0.0200218
-1.80664 0.0199287
-1.80566 0.0198628
-1.80469 0.0198744
-1.80371 0.0199935
-1.80273 0.0202135
-1.80176 0.0204897
-1.80078 0.0207554
-1.7998 0.0209485
-1.79883 0.0210367
-1.79785 0.0210301
-1.79688 0.0209739
-1.7959 0.0209257
-1.79492 0.020928
-1.79395 0.0209873
-1.79297 0.0210723
-1.79199 0.0211308
-1.79102 0.0211169
-1.79004 0.0210174
-1.78906 0.0208627
-1.78809 0.0207188
-1.78711 0.0206623
-1.78613 0.0207512
-1.78516 0.0210026
-1.78418 0.0213885
-1.7832 0.0218491
-1.78223 0.0223167
-1.78125 0.0227407
-1.78027 0.0231007
-1.7793 0.0234059
-1.77832 0.023682
-1.77734 0.0239545
-1.77637 0.0242359
-1.77539 0.0245234
-1.77441 0.024806
-1.77344 0.0250753
-1.77246 0.0253344
-1.77148 0.0255986
-1.77051 0.0258884
-1.76953 0.0262188
-1.76855 0.0265889
-1.76758 0.0269802
-1.7666 0.0273603
-1.76562 0.027694
-1.76465 0.0279541
-1.76367 0.0281292
-1.7627 0.0282239
-1.76172 0.0282535
-1.76074 0.0282392
-1.75977 0.0282007
-1.75879 0.0281525
-1.75781 0.0281045
-1.75684 0.0280632
-1.75586 0.028033
-1.75488 0.0280174
-1.75391 0.0280189
-1.75293 0.0280381
-1.75195 0.0280752
-1.75098 0.0281301
-1.75 0.0282037
-1.74902 0.0282966
-1.74805 0.0284079
-1.74707 0.0285324
-1.74609 0.0286602
-1.74512 0.0287787
-1.74414 0.0288775
-1.74316 0.0289541
-1.74219 0.0290178
-1.74121 0.0290878
-1.74023 0.0291871
-1.73926 0.0293312
-1.73828 0.029518
-1.7373 0.0297132
-1.73633 0.0298214
-1.73535 0.0298807
-1.73438 0.0299064
-1.7334 0.0299002
-1.73242 0.0298559
-1.73145 0.0297426
-1.73047 0.0295883
-1.72949 0.0294861
-1.72852 0.0294614
-1.72754 0.0295048
-1.72656 0.0295819
-1.72559 0.0296404
-1.72461 0.0296382
-1.72363 0.0295964
-1.72266 0.0295063
-1.72168 0.0293798
-1.7207 0.0292733
-1.71973 0.0292307
-1.71875 0.0292835
-1.71777 0.0294372
-1.7168 0.0296468
-1.71582 0.0297843
-1.71484 0.0298857
-1.71387 0.029968
-1.71289 0.0300351
-1.71191 0.0300904
-1.71094 0.0301353
-1.70996 0.030171
-1.70898 0.030198
-1.70801 0.0302173
-1.70703 0.0302296
-1.70605 0.0302355
-1.70508 0.0302358
-1.7041 0.030231
-1.70312 0.0302216
-1.70215 0.0302081
-1.70117 0.0301911
-1.7002 0.0301707
-1.69922 0.0301474
-1.69824 0.0301215
-1.69727 0.0300932
-1.69629 0.0300628
-1.69531 0.0300305
-1.69434 0.0299965
-1.69336 0.029961
-1.69238 0.0299242
-1.69141 0.0298862
-1.69043 0.0298471
-1.68945 0.0298071
-1.68848 0.0297662
-1.6875 0.0297247
-1.68652 0.0296825
-1.68555 0.0296398
-1.68457 0.0295966
-1.68359 0.0295531
-1.68262 0.0295092
-1.68164 0.0294651
-1.68066 0.0294208
-1.67969 0.0293763
-1.67871 0.0293318
-1.67773 0.0292872
-1.67676 0.0292426
-1.67578 0.029198
-1.6748 0.0291535
-1.67383 0.0291091
-1.67285 0.0290648
-1.67188 0.0290207
-1.6709 0.0289767
-1.66992 0.028933
-1.66895 0.0288894
-1.66797 0.0288462
-1.66699 0.0288032
-1.66602 0.0287604
-1.66504 0.028718
-1.66406 0.0286759
-1.66309 0.0286341
-1.66211 0.0285926
-1.66113 0.0285515
-1.66016 0.0285108
-1.65918 0.0284704
-1.6582 0.0284304
-1.65723 0.0283908
-1.65625 0.0283516
-1.65527 0.0283127
-1.6543 0.0282743
-1.65332 0.0282362
-1.65234 0.0281986
-1.65137 0.0281614
-1.65039 0.0281246
-1.64941 0.0280882
-1.64844 0.0280522
-1.64746 0.0280166
-1.64648 0.0279814
-1.64551 0.0279466
-1.64453 0.0279123
-1.64355 0.0278783
-1.64258 0.0278448
-1.6416 0.0278116
-1.64062 0.0277789
-1.63965 0.0277465
-1.63867 0.0277146
-1.6377 0.027683
-1.63672 0.0276518
-1.63574 0.0276211
-1.63477 0.0275906
-1.63379 0.0275606
-1.63281 0.0275309
-1.63184 0.0275016
-1.63086 0.0274727
-1.62988 0.0274441
-1.62891 0.0274159
-1.62793 0.027388
-1.62695 0.0273605
-1.62598 0.0273333
-1.625 0.0273064
-1.62402 0.0272799
-1.62305 0.0272537
-1.62207 0.0272278
-1.62109 0.0272022
-1.62012 0.0271769
-1.61914 0.0271519
-1.61816 0.0271272
-1.61719 0.0271029
-1.61621 0.0270788
-1.61523 0.0270549
-1.61426 0.0270314
-1.61328 0.0270081
-1.6123 0.0269851
-1.61133 0.0269624
-1.61035 0.0269399
-1.60938 0.0269177
-1.6084 0.0268957
-1.60742 0.026874
-1.60645 0.0268525
-1.60547 0.0268312
-1.60449 0.0268102
-1.60352 0.0267893
-1.60254 0.0267688
-1.60156 0.0267484
-1.60059 0.0267282
-1.59961 0.0267083
-1.59863 0.0266885
-1.59766 0.026669
-1.59668 0.0266496
-1.5957 0.0266305
-1.59473 0.0266115
-1.59375 0.0265928
-1.59277 0.0265742
-1.5918 0.0265557
-1.59082 0.0265375
-1.58984 0.0265194
-1.58887 0.0265015
-1.58789 0.0264838
-1.58691 0.0264662
-1.58594 0.0264488
-1.58496 0.0264316
-1.58398 0.0264145
-1.58301 0.0263975
-1.58203 0.0263807
-1.58105 0.0263641
-1.58008 0.0263476
-1.5791 0.0263312
-1.57812 0.026315
-1.57715 0.0262989
-1.57617 0.0262829
-1.5752 0.0262671
-1.57422 0.0262514
-1.57324 0.0262358
-1.57227 0.0262204
-1.57129 0.0262051
-1.57031 0.0261899
-1.56934 0.0261748
-1.56836 0.0261599
-1.56738 0.026145
-1.56641 0.0261303
-1.56543 0.0261157
-1.56445 0.0261012
-1.56348 0.0260868
-1.5625 0.0260725
-1.56152 0.0260583
-1.56055 0.0260442
-1.55957 0.0260302
-1.55859 0.0260164
-1.55762 0.0260026
-1.55664 0.0259889
-1.55566 0.0259754
-1.55469 0.0259619
-1.55371 0.0259485
-1.55273 0.0259352
-1.55176 0.025922
-1.55078 0.0259089
-1.5498 0.0258959
-1.54883 0.025883
-1.54785 0.0258702
-1.54688 0.0258574
-1.5459 0.0258448
-1.54492 0.0258322
-1.54395 0.0258197
-1.54297 0.0258073
-1.54199 0.025795
-1.54102 0.0257828
-1.54004 0.0257707
-1.53906 0.0257586
-1.53809 0.0257466
-1.53711 0.0257347
-1.53613 0.0257229
-1.53516 0.0257112
-1.53418 0.0256995
-1.5332 0.0256879
-1.53223 0.0256764
-1.53125 0.025665
-1.53027 0.0256536
-1.5293 0.0256423
-1.52832 0.0256311
-1.52734 0.02562
-1.52637 0.0256089
-1.52539 0.025598
-1.52441 0.0255871
-1.52344 0.0255762
-1.52246 0.0255655
-1.52148 0.0255548
-1.52051 0.0255441
-1.51953 0.0255336
-1.51855 0.0255231
-1.51758 0.0255127
-1.5166 0.0255023
-1.51562 0.0254921
-1.51465 0.0254819
-1.51367 0.0254717
-1.5127 0.0254617
-1.51172 0.0254517
-1.51074 0.0254417
-1.50977 0.0254319
-1.50879 0.0254221
-1.50781 0.0254123
-1.50684 0.0254027
-1.50586 0.0253931
-1.50488 0.0253835
-1.50391 0.025374
-1.50293 0.0253646
-1.50195 0.0253553
-1.50098 0.025346
-1.5 0.0253368
-1.49902 0.0253277
-1.49805 0.0253186
-1.49707 0.0253095
-1.49609 0.0253006
-1.49512 0.0252917
-1.49414 0.0252828
-1.49316 0.0252741
-1.49219 0.0252654
-1.49121 0.0252567
-1.49023 0.0252481
-1.48926 0.0252396
-1.48828 0.0252311
-1.4873 0.0252227
-1.48633 0.0252144
-1.48535 0.0252061
-1.48438 0.0251978
-1.4834 0.0251897
-1.48242 0.0251816
-1.48145 0.0251735
-1.48047 0.0251655
-1.47949 0.0251576
-1.47852 0.0251497
-1.47754 0.0251419
-1.47656 0.0251341
-1.47559 0.0251264
-1.47461 0.0251188
-1.47363 0.0251112
-1.47266 0.0251036
-1.47168 0.0250962
-1.4707 0.0250888
-1.46973 0.0250814
-1.46875 0.0250741
-1.46777 0.0250668
-1.4668 0.0250596
-1.46582 0.0250525
-1.46484 0.0250454
-1.46387 0.0250384
-1.46289 0.0250314
-1.46191 0.0250245
-1.46094 0.0250176
-1.45996 0.0250108
-1.45898 0.025004
-1.45801 0.0249973
-1.45703 0.0249907
-1.45605 0.0249841
-1.45508 0.0249775
-1.4541 0.024971
-1.45312 0.0249646
-1.45215 0.0249582
-1.45117 0.0249518
-1.4502 0.0249455
-1.44922 0.0249393
-1.44824 0.0249331
-1.44727 0.024927
-1.44629 0.0249209
-1.44531 0.0249148
-1.44434 0.0249088
-1.44336 0.0249029
-1.44238 0.024897
-1.44141 0.0248912
-1.44043 0.0248854
-1.43945 0.0248796
-1.43848 0.0248739
-1.4375 0.0248683
-1.43652 0.0248627
-1.43555 0.0248571
-1.43457 0.0248516
-1.43359 0.0248461
-1.43262 0.0248407
-1.43164 0.0248354
-1.43066 0.02483
-1.42969 0.0248248
-1.42871 0.0248195
-1.42773 0.0248143
-1.42676 0.0248092
-1.42578 0.0248041
-1.4248 0.024799
-1.42383 0.024794
-1.42285 0.0247891
-1.42188 0.0247841
-1.4209 0.0247793
-1.41992 0.0247744
-1.41895 0.0247696
-1.41797 0.0247649
-1.41699 0.0247602
-1.41602 0.0247555
-1.41504 0.0247509
-1.41406 0.0247463
-1.41309 0.0247418
-1.41211 0.0247372
-1.41113 0.0247328
-1.41016 0.0247284
-1.40918 0.024724
-1.4082 0.0247196
-1.40723 0.0247153
-1.40625 0.0247111
-1.40527 0.0247069
-1.4043 0.0247027
-1.40332 0.0246985
-1.40234 0.0246944
-1.40137 0.0246904
-1.40039 0.0246863
-1.39941 0.0246823
-1.39844 0.0246784
-1.39746 0.0246745
-1.39648 0.0246706
-1.39551 0.0246667
-1.39453 0.0246629
-1.39355 0.0246592
-1.39258 0.0246554
-1.3916 0.0246517
-1.39062 0.0246481
-1.38965 0.0246444
-1.38867 0.0246408
-1.3877 0.0246373
-1.38672 0.0246337
-1.38574 0.0246303
-1.38477 0.0246268
-1.38379 0.0246234
-1.38281 0.02462
-1.38184 0.0246166
-1.38086 0.0246133
-1.37988 0.02461
-1.37891 0.0246068
-1.37793 0.0246035
-1.37695 0.0246004
-1.37598 0.0245972
-1.375 0.0245941
-1.37402 0.024591
-1.37305 0.0245879
-1.37207 0.0245849
-1.37109 0.0245819
-1.37012 0.0245789
-1.36914 0.024576
-1.36816 0.0245731
-1.36719 0.0245702
-1.36621 0.0245674
-1.36523 0.0245645
-1.36426 0.0245618
-1.36328 0.024559
-1.3623 0.0245563
-1.36133 0.0245536
-1.36035 0.0245509
-1.35938 0.0245483
-1.3584 0.0245457
-1.35742 0.0245431
-1.35645 0.0245405
-1.35547 0.024538
-1.35449 0.0245355
-1.35352 0.024533
-1.35254 0.0245306
-1.35156 0.0245282
-1.35059 0.0245258
-1.34961 0.0245234
-1.34863 0.0245211
-1.34766 0.0245188
-1.34668 0.0245165
-1.3457 0.0245143
-1.34473 0.0245121
-1.34375 0.0245099
-1.34277 0.0245077
-1.3418 0.0245056
-1.34082 0.0245035
-1.33984 0.0245014
-1.33887 0.0244993
-1.33789 0.0244973
-1.33691 0.0244953
-1.33594 0.0244933
-1.33496 0.0244913
-1.33398 0.0244894
-1.33301 0.0244875
-1.33203 0.0244856
-1.33105 0.0244837
-1.33008 0.0244819
-1.3291 0.0244801
-1.32812 0.0244783
-1.32715 0.0244765
-1.32617 0.0244748
-1.3252 0.0244731
-1.32422 0.0244714
-1.32324 0.0244697
-1.32227 0.0244681
-1.32129 0.0244665
-1.32031 0.0244649
-1.31934 0.0244633
-1.31836 0.0244618
-1.31738 0.0244603
-1.31641 0.0244588
-1.31543 0.0244573
-1.31445 0.0244558
-1.31348 0.0244544
-1.3125 0.024453
-1.31152 0.0244516
-1.31055 0.0244503
-1.30957 0.024449
-1.30859 0.0244476
-1.30762 0.0244464
-1.30664 0.0244451
-1.30566 0.0244438
-1.30469 0.0244426
-1.30371 0.0244414
-1.30273 0.0244403
-1.30176 0.0244391
-1.30078 0.024438
-1.2998 0.0244369
-1.29883 0.0244358
-1.29785 0.0244347
-1.29688 0.0244337
-1.2959 0.0244327
-1.29492 0.0244317
-1.29395 0.0244307
-1.29297 0.0244297
-1.29199 0.0244288
-1.29102 0.0244279
-1.29004 0.024427
-1.28906 0.0244262
-1.28809 0.0244253
-1.28711 0.0244245
-1.28613 0.0244237
-1.28516 0.0244229
-1.28418 0.0244222
-1.2832 0.0244215
-1.28223 0.0244207
-1.28125 0.0244201
-1.28027 0.0244194
-1.2793 0.0244188
-1.27832 0.0244181
-1.27734 0.0244175
-1.27637 0.024417
-1.27539 0.0244164
-1.27441 0.0244159
-1.27344 0.0244154
-1.27246 0.0244149
-1.27148 0.0244144
-1.27051 0.024414
-1.26953 0.0244136
-1.26855 0.0244132
-1.26758 0.0244128
-1.2666 0.0244125
-1.26562 0.0244121
-1.26465 0.0244118
-1.26367 0.0244115
-1.2627 0.0244113
-1.26172 0.0244111
-1.26074 0.0244108
-1.25977 0.0244107
-1.25879 0.0244105
-1.25781 0.0244104
-1.25684 0.0244103
-1.25586 0.0244102
-1.25488 0.0244101
-1.25391 0.0244101
-1.25293 0.0244101
-1.25195 0.0244101
-1.25098 0.0244101
-1.25 0.0244102
-1.24902 0.0244103
-1.24805 0.0244104
-1.24707 0.0244106
-1.24609 0.0244107
-1.24512 0.0244109
-1.24414 0.0244112
-1.24316 0.0244114
-1.24219 0.0244117
-1.24121 0.0244121
-1.24023 0.0244124
-1.23926 0.0244128
-1.23828 0.0244132
-1.2373 0.0244137
-1.23633 0.0244142
-1.23535 0.0244147
-1.23438 0.0244152
-1.2334 0.0244158
-1.23242 0.0244164
-1.23145 0.0244171
-1.23047 0.0244178
-1.22949 0.0244185
-1.22852 0.0244193
-1.22754 0.0244201
-1.22656 0.0244209
-1.22559 0.0244218
-1.22461 0.0244227
-1.22363 0.0244237
-1.22266 0.0244247
-1.22168 0.0244258
-1.2207 0.0244269
-1.21973 0.024428
-1.21875 0.0244292
-1.21777 0.0244304
-1.2168 0.0244317
-1.21582 0.024433
-1.21484 0.0244344
-1.21387 0.0244358
-1.21289 0.0244373
-1.21191 0.0244388
-1.21094 0.0244404
-1.20996 0.024442
-1.20898 0.0244437
-1.20801 0.0244454
-1.20703 0.0244472
-1.20605 0.024449
-1.20508 0.0244509
-1.2041 0.0244528
-1.20312 0.0244548
-1.20215 0.0244568
-1.20117 0.0244589
-1.2002 0.0244611
-1.19922 0.0244632
-1.19824 0.0244655
-1.19727 0.0244677
-1.19629 0.02447
-1.19531 0.0244724
-1.19434 0.0244748
-1.19336 0.0244772
-1.19238 0.0244796
-1.19141 0.0244821
-1.19043 0.0244846
-1.18945 0.0244871
-1.18848 0.0244897
-1.1875 0.0244922
-1.18652 0.0244947
-1.18555 0.0244972
-1.18457 0.0244997
-1.18359 0.0245022
-1.18262 0.0245046
-1.18164 0.0245069
-1.18066 0.0245091
-1.17969 0.0245113
-1.17871 0.0245133
-1.17773 0.0245152
-1.17676 0.0245168
-1.17578 0.0245183
-1.1748 0.0245194
-1.17383 0.0245203
-1.17285 0.0245207
-1.17188 0.0245206
-1.1709 0.0245198
-1.16992 0.0245181
-1.16895 0.0245152
-1.16797 0.0245106
-1.16699 0.024504
-1.16602 0.0244957
-1.16504 0.0244876
-1.16406 0.0244825
-1.16309 0.0244821
-1.16211 0.0244854
-1.16113 0.0244904
-1.16016 0.024495
-1.15918 0.0244983
-1.1582 0.0245003
-1.15723 0.024502
-1.15625 0.0245021
-1.15527 0.0244972
-1.1543 0.0245115
-1.15332 0.0245177
-1.15234 0.0245204
-1.15137 0.0245216
-1.15039 0.0245208
-1.14941 0.0245183
-1.14844 0.024514
-1.14746 0.0245078
-1.14648 0.0244995
-1.14551 0.024489
-1.14453 0.0244761
-1.14355 0.0244605
-1.14258 0.0244418
-1.1416 0.0244196
-1.14062 0.0243933
-1.13965 0.0243623
-1.13867 0.0243257
-1.1377 0.0242825
-1.13672 0.0242318
-1.13574 0.0241727
-1.13477 0.0241023
-1.13379 0.0240088
-1.13281 0.0238828
-1.13184 0.0237824
-1.13086 0.023718
-1.12988 0.0236912
-1.12891 0.0236978
-1.12793 0.0237018
-1.12695 0.0236764
-1.12598 0.0236346
-1.125 0.0235777
-1.12402 0.0235017
-1.12305 0.0233987
-1.12207 0.0232553
-1.12109 0.023034
-1.12012 0.0226836
-1.11914 0.0223474
-1.11816 0.0220855
-1.11719 0.0219231
-1.11621 0.0218504
-1.11523 0.0218254
-1.11426 0.0217923
-1.11328 0.0217036
-1.1123 0.0215408
-1.11133 0.0213217
-1.11035 0.021092
-1.10938 0.020905
-1.1084 0.0207978
-1.10742 0.0207755
-1.10645 0.0208104
-1.10547 0.0208565
-1.10449 0.0208728
-1.10352 0.0208436
-1.10254 0.0207876
-1.10156 0.0207506
-1.10059 0.0207862
-1.09961 0.0209338
-1.09863 0.0212035
-1.09766 0.0215757
-1.09668 0.0220122
-1.0957 0.0224758
-1.09473 0.0229345
-1.09375 0.0232742
-1.09277 0.0235274
-1.0918 0.0237343
-1.09082 0.0239088
-1.08984 0.0240598
-1.08887 0.0241921
-1.08789 0.0243094
-1.08691 0.0244142
-1.08594 0.0245086
-1.08496 0.024594
-1.08398 0.0246717
-1.08301 0.0247426
-1.08203 0.0248076
-1.08105 0.0248672
-1.08008 0.0249221
-1.0791 0.0249726
-1.07812 0.0250192
-1.07715 0.0250622
-1.07617 0.0251019
-1.0752 0.0251386
-1.07422 0.0251723
-1.07324 0.0252034
-1.07227 0.025232
-1.07129 0.0252581
-1.07031 0.025282
-1.06934 0.0253037
-1.06836 0.0253233
-1.06738 0.0253409
-1.06641 0.0253565
-1.06543 0.0253701
-1.06445 0.0253818
-1.06348 0.0253916
-1.0625 0.0253995
-1.06152 0.0254054
-1.06055 0.0254093
-1.05957 0.0254113
-1.05859 0.0254111
-1.05762 0.0254087
-1.05664 0.025404
-1.05566 0.0253968
-1.05469 0.0253869
-1.05371 0.025374
-1.05273 0.0253576
-1.05176 0.0253373
-1.05078 0.0253123
-1.0498 0.0252815
-1.04883 0.0252434
-1.04785 0.0251956
-1.04688 0.0251351
-1.0459 0.0250567
-1.04492 0.0249499
-1.04395 0.0248751
-1.04297 0.024876
-1.04199 0.0249255
-1.04102 0.0249507
-1.04004 0.0249776
-1.03906 0.0250092
-1.03809 0.0250454
-1.03711 0.0250852
-1.03613 0.0251265
-1.03516 0.0251686
-1.03418 0.0252116
-1.0332 0.025256
-1.03223 0.0253022
-1.03125 0.0253498
-1.03027 0.0253977
-1.0293 0.025445
-1.02832 0.025491
-1.02734 0.0255354
-1.02637 0.0255779
-1.02539 0.0256184
-1.02441 0.0256571
-1.02344 0.0256939
-1.02246 0.025729
-1.02148 0.0257624
-1.02051 0.0257944
-1.01953 0.025825
-1.01855 0.0258542
-1.01758 0.0258822
-1.0166 0.025909
-1.01562 0.0259346
-1.01465 0.025959
-1.01367 0.0259824
-1.0127 0.0260045
-1.01172 0.0260256
-1.01074 0.0260454
-1.00977 0.026064
-1.00879 0.0260814
-1.00781 0.0260975
-1.00684 0.0261121
-1.00586 0.0261254
-1.00488 0.0261371
-1.00391 0.0261472
-1.00293 0.0261556
-1.00195 0.0261621
-1.00098 0.0261667
-1 0.0261691
-0.999023 0.0261693
-0.998047 0.026167
-0.99707 0.026162
-0.996094 0.0261541
-0.995117 0.0261429
-0.994141 0.0261282
-0.993164 0.0261094
-0.992188 0.0260861
-0.991211 0.0260574
-0.990234 0.0260224
-0.989258 0.0259799
-0.988281 0.0259302
-0.987305 0.0258821
-0.986328 0.0258424
-0.985352 0.025808
-0.984375 0.0257728
-0.983398 0.0257362
-0.982422 0.025697
-0.981445 0.025654
-0.980469 0.0256063
-0.979492 0.0255527
-0.978516 0.0254928
-0.977539 0.025426
-0.976562 0.0253522
-0.975586 0.025271
-0.974609 0.0251819
-0.973633 0.0250846
-0.972656 0.0249783
-0.97168 0.0248624
-0.970703 0.0247361
-0.969727 0.0245977
-0.96875 0.0244456
-0.967773 0.024277
-0.966797 0.024088
-0.96582 0.0238729
-0.964844 0.0236209
-0.963867 0.0232929
-0.962891 0.0229057
-0.961914 0.0226146
-0.960938 0.0224415
-0.959961 0.0223714
-0.958984 0.0223759
-0.958008 0.0224265
-0.957031 0.0225049
-0.956055 0.022603
-0.955078 0.0227172
-0.954102 0.0228398
-0.953125 0.0229557
-0.952148 0.0230447
-0.951172 0.0230897
-0.950195 0.0230845
-0.949219 0.023038
-0.948242 0.0229705
-0.947266 0.0229053
-0.946289 0.0228586
-0.945312 0.0228344
-0.944336 0.022825
-0.943359 0.0228182
-0.942383 0.0228059
-0.941406 0.0227893
-0.94043 0.0227782
-0.939453 0.0227857
-0.938477 0.0228194
-0.9375 0.022877
-0.936523 0.0229463
-0.935547 0.0230105
-0.93457 0.0230561
-0.933594 0.0230772
-0.932617 0.0230761
-0.931641 0.023058
-0.930664 0.0230252
-0.929688 0.0229731
-0.928711 0.0228922
-0.927734 0.022774
-0.926758 0.0226194
-0.925781 0.0224423
-0.924805 0.0222674
-0.923828 0.0221222
-0.922852 0.0220263
-0.921875 0.0219827
-0.920898 0.0219762
-0.919922 0.02198
-0.918945 0.0219661
-0.917969 0.0219161
-0.916992 0.0218272
-0.916016 0.0217104
-0.915039 0.0215837
-0.914062 0.0214638
-0.913086 0.0213604
-0.912109 0.0212755
-0.911133 0.0212071
-0.910156 0.0211541
-0.90918 0.0211193
-0.908203 0.0211076
-0.907227 0.0211214
-0.90625 0.0211561
-0.905273 0.0211975
-0.904297 0.0212255
-0.90332 0.0212203
-0.902344 0.0211695
-0.901367 0.0210733
-0.900391 0.0209426
-0.899414 0.0207943
-0.898438 0.0206436
-0.897461 0.0204984
-0.896484 0.0203588
-0.895508 0.0202207
-0.894531 0.0200814
-0.893555 0.0199447
-0.892578 0.0198226
-0.891602 0.0197319
-0.890625 0.0196894
-0.889648 0.0197063
-0.888672 0.0197858
-0.887695 0.0199236
-0.886719 0.0201106
-0.885742 0.0203351
-0.884766 0.0205847
-0.883789 0.0208451
-0.882812 0.0210995
-0.881836 0.0213292
-0.880859 0.0215163
-0.879883 0.0216487
-0.878906 0.0217251
-0.87793 0.0217569
-0.876953 0.0217658
-0.875977 0.0217785
-0.875 0.0218184
-0.874023 0.0218998
-0.873047 0.0220256
-0.87207 0.0221891
-0.871094 0.0223787
-0.870117 0.022583
-0.869141 0.0227927
-0.868164 0.0230004
-0.867188 0.023198
-0.866211 0.0233741
-0.865234 0.0235148
-0.864258 0.0236061
-0.863281 0.0236395
-0.862305 0.0236164
-0.861328 0.0235495
-0.860352 0.023461
-0.859375 0.0233768
-0.858398 0.0233199
-0.857422 0.0233052
-0.856445 0.0233363
-0.855469 0.023406
-0.854492 0.023499
-0.853516 0.0235952
-0.852539 0.0236739
-0.851562 0.0237173
-0.850586 0.023714
-0.849609 0.0236612
-0.848633 0.0235662
-0.847656 0.0234452
-0.84668 0.0233187
-0.845703 0.0232061
-0.844727 0.0231186
-0.84375 0.0230561
-0.842773 0.0230081
-0.841797 0.0229598
-0.84082 0.022901
-0.839844 0.0228337
-0.838867 0.0227748
-0.837891 0.0227514
-0.836914 0.0227911
-0.835938 0.0229105
-0.834961 0.0231073
-0.833984 0.0233599
-0.833008 0.0236353
-0.832031 0.023902
-0.831055 0.0241413
-0.830078 0.024353
-0.829102 0.0245532
-0.828125 0.0247632
-0.827148 0.0249971
-0.826172 0.025251
-0.825195 0.0254854
-0.824219 0.0256761
-0.823242 0.0258373
-0.822266 0.0259667
-0.821289 0.0260646
-0.820312 0.0261276
-0.819336 0.0261491
-0.818359 0.026187
-0.817383 0.0262683
-0.816406 0.0263909
-0.81543 0.0265116
-0.814453 0.0266391
-0.813477 0.0267686
-0.8125 0.0268938
-0.811523 0.0270131
-0.810547 0.0271272
-0.80957 0.0272318
-0.808594 0.0273388
-0.807617 0.0274838
-0.806641 0.0276291
-0.805664 0.0277427
-0.804688 0.0278335
-0.803711 0.0279048
-0.802734 0.0279579
-0.801758 0.0279934
-0.800781 0.0280106
-0.799805 0.0280073
-0.798828 0.0279797
-0.797852 0.0279176
-0.796875 0.027793
-0.795898 0.0276403
-0.794922 0.0275223
-0.793945 0.0274404
-0.792969 0.0273897
-0.791992 0.0273729
-0.791016 0.027402
-0.790039 0.0274948
-0.789062 0.0276646
-0.788086 0.0279109
-0.787109 0.0282044
-0.786133 0.0284102
-0.785156 0.0285554
-0.78418 0.0286673
-0.783203 0.0287555
-0.782227 0.0288259
-0.78125 0.0288818
-0.780273 0.0289257
-0.779297 0.0289592
-0.77832 0.028984
-0.777344 0.0290011
-0.776367 0.0290118
-0.775391 0.0290167
-0.774414 0.0290168
-0.773438 0.0290123
-0.772461 0.0290036
-0.771484 0.028991
-0.770508 0.0289744
-0.769531 0.0289539
-0.768555 0.0289295
-0.767578 0.0289014
-0.766602 0.0288697
-0.765625 0.0288349
-0.764648 0.0287972
-0.763672 0.028757
-0.762695 0.0287148
-0.761719 0.0286706
-0.760742 0.0286247
-0.759766 0.028577
-0.758789 0.0285272
-0.757812 0.0284751
-0.756836 0.0284201
-0.755859 0.0283616
-0.754883 0.0282988
-0.753906 0.028231
-0.75293 0.0281574
-0.751953 0.0280774
-0.750977 0.02799
-0.75 0.0278944
-0.749023 0.0277896
-0.748047 0.0276738
-0.74707 0.0275452
-0.746094 0.0274001
-0.745117 0.027235
-0.744141 0.0270465
-0.743164 0.0268543
-0.742188 0.0266689
-0.741211 0.0264985
-0.740234 0.0263452
-0.739258 0.0262032
-0.738281 0.0260613
-0.737305 0.02591
-0.736328 0.02575
-0.735352 0.0255962
-0.734375 0.0254759
-0.733398 0.0254192
-0.732422 0.0254466
-0.731445 0.02556
-0.730469 0.0257404
-0.729492 0.0259557
-0.728516 0.0261731
-0.727539 0.0263719
-0.726562 0.0265497
-0.725586 0.0267164
-0.724609 0.0268672
-0.723633 0.0270004
-0.722656 0.0271212
-0.72168 0.0272253
-0.720703 0.0273087
-0.719727 0.0273661
-0.71875 0.0273827
-0.717773 0.0273215
-0.716797 0.0272508
-0.71582 0.0272417
-0.714844 0.0273156
-0.713867 0.0274555
-0.712891 0.0275792
-0.711914 0.0276401
-0.710938 0.0276732
-0.709961 0.0276915
-0.708984 0.0276997
-0.708008 0.027701
-0.707031 0.0276974
-0.706055 0.0276913
-0.705078 0.0276854
-0.704102 0.0276818
-0.703125 0.0276818
-0.702148 0.0276864
-0.701172 0.0276966
-0.700195 0.0277123
-0.699219 0.0277324
-0.698242 0.0277544
-0.697266 0.027776
-0.696289 0.0277952
-0.695312 0.0278115
-0.694336 0.0278245
-0.693359 0.0278346
-0.692383 0.0278421
-0.691406 0.0278481
-0.69043 0.0278547
-0.689453 0.0278641
-0.688477 0.0278773
-0.6875 0.0278929
-0.686523 0.0279088
-0.685547 0.0279242
-0.68457 0.0279386
-0.683594 0.0279521
-0.682617 0.0279653
-0.681641 0.027979
-0.680664 0.0279938
-0.679688 0.0280105
-0.678711 0.0280297
-0.677734 0.0280516
-0.676758 0.0280757
-0.675781 0.0281012
-0.674805 0.028127
-0.673828 0.0281522
-0.672852 0.0281756
-0.671875 0.0281968
-0.670898 0.0282153
-0.669922 0.0282307
-0.668945 0.0282432
-0.667969 0.0282526
-0.666992 0.028259
-0.666016 0.0282627
-0.665039 0.0282637
-0.664062 0.0282622
-0.663086 0.0282585
-0.662109 0.0282526
-0.661133 0.0282449
-0.660156 0.0282354
-0.65918 0.0282244
-0.658203 0.0282119
-0.657227 0.0281983
-0.65625 0.0281836
-0.655273 0.0281679
-0.654297 0.0281515
-0.65332 0.0281343
-0.652344 0.0281165
-0.651367 0.0280982
-0.650391 0.0280794
-0.649414 0.0280602
-0.648438 0.0280406
-0.647461 0.0280207
-0.646484 0.0280005
-0.645508 0.0279799
-0.644531 0.027959
-0.643555 0.0279378
-0.642578 0.0279163
-0.641602 0.0278944
-0.640625 0.0278723
-0.639648 0.0278498
-0.638672 0.0278269
-0.637695 0.0278038
-0.636719 0.0277803
-0.635742 0.0277565
-0.634766 0.0277323
-0.633789 0.0277079
-0.632812 0.0276831
-0.631836 0.0276581
-0.630859 0.0276328
-0.629883 0.0276072
-0.628906 0.0275813
-0.62793 0.0275552
-0.626953 0.0275289
-0.625977 0.0275024
-0.625 0.0274757
-0.624023 0.0274488
-0.623047 0.0274217
-0.62207 0.0273946
-0.621094 0.0273673
-0.620117 0.0273399
-0.619141 0.0273124
-0.618164 0.0272849
-0.617188 0.0272573
-0.616211 0.0272297
-0.615234 0.0272021
-0.614258 0.0271744
-0.613281 0.0271468
-0.612305 0.0271192
-0.611328 0.0270917
-0.610352 0.0270642
-0.609375 0.0270367
-0.608398 0.0270094
-0.607422 0.0269821
-0.606445 0.0269549
-0.605469 0.0269278
-0.604492 0.0269009
-0.603516 0.026874
-0.602539 0.0268474
-0.601562 0.0268208
-0.600586 0.0267944
-0.599609 0.0267682
-0.598633 0.0267421
-0.597656 0.0267162
-0.59668 0.0266904
-0.595703 0.0266649
-0.594727 0.0266395
-0.59375 0.0266143
-0.592773 0.0265893
-0.591797 0.0265645
-0.59082 0.0265399
-0.589844 0.0265155
-0.588867 0.0264913
-0.587891 0.0264673
-0.586914 0.0264435
-0.585938 0.0264199
-0.584961 0.0263965
-0.583984 0.0263734
-0.583008 0.0263504
-0.582031 0.0263277
-0.581055 0.0263052
-0.580078 0.0262829
-0.579102 0.0262608
-0.578125 0.0262389
-0.577148 0.0262172
-0.576172 0.0261958
-0.575195 0.0261745
-0.574219 0.0261535
-0.573242 0.0261327
-0.572266 0.026112
-0.571289 0.0260916
-0.570312 0.0260714
-0.569336 0.0260514
-0.568359 0.0260316
-0.567383 0.0260121
-0.566406 0.0259927
-0.56543 0.0259735
-0.564453 0.0259545
-0.563477 0.0259357
-0.5625 0.0259171
-0.561523 0.0258987
-0.560547 0.0258805
-0.55957 0.0258624
-0.558594 0.0258446
-0.557617 0.025827
-0.556641 0.0258095
-0.555664 0.0257922
-0.554688 0.0257751
-0.553711 0.0257582
-0.552734 0.0257414
-0.551758 0.0257248
-0.550781 0.0257084
-0.549805 0.0256922
-0.548828 0.0256761
-0.547852 0.0256602
-0.546875 0.0256445
-0.545898 0.0256289
-0.544922 0.0256135
-0.543945 0.0255983
-0.542969 0.0255832
-0.541992 0.0255683
-0.541016 0.0255535
-0.540039 0.0255389
-0.539062 0.0255244
-0.538086 0.0255101
-0.537109 0.0254959
-0.536133 0.0254819
-0.535156 0.025468
-0.53418 0.0254543
-0.533203 0.0254407
-0.532227 0.0254273
-0.53125 0.025414
-0.530273 0.0254008
-0.529297 0.0253878
-0.52832 0.0253749
-0.527344 0.0253621
-0.526367 0.0253495
-0.525391 0.025337
-0.524414 0.0253246
-0.523438 0.0253124
-0.522461 0.0253003
-0.521484 0.0252883
-0.520508 0.0252764
-0.519531 0.0252647
-0.518555 0.025253
-0.517578 0.0252415
-0.516602 0.0252302
-0.515625 0.0252189
-0.514648 0.0252078
-0.513672 0.0251967
-0.512695 0.0251858
-0.511719 0.025175
-0.510742 0.0251644
-0.509766 0.0251538
-0.508789 0.0251433
-0.507812 0.025133
-0.506836 0.0251227
-0.505859 0.0251126
-0.504883 0.0251026
-0.503906 0.0250927
-0.50293 0.0250828
-0.501953 0.0250731
-0.500977 0.0250635
-0.5 0.025054
-0.499023 0.0250446
-0.498047 0.0250353
-0.49707 0.0250261
-0.496094 0.025017
-0.495117 0.025008
-0.494141 0.0249991
-0.493164 0.0249903
-0.492188 0.0249815
-0.491211 0.0249729
-0.490234 0.0249644
-0.489258 0.0249559
-0.488281 0.0249476
-0.487305 0.0249393
-0.486328 0.0249312
-0.485352 0.0249231
-0.484375 0.0249151
-0.483398 0.0249072
-0.482422 0.0248994
-0.481445 0.0248916
-0.480469 0.024884
-0.479492 0.0248764
-0.478516 0.0248689
-0.477539 0.0248615
-0.476562 0.0248542
-0.475586 0.024847
-0.474609 0.0248398
-0.473633 0.0248328
-0.472656 0.0248258
-0.47168 0.0248189
-0.470703 0.024812
-0.469727 0.0248053
-0.46875 0.0247986
-0.467773 0.024792
-0.466797 0.0247854
-0.46582 0.024779
-0.464844 0.0247726
-0.463867 0.0247663
-0.462891 0.02476
-0.461914 0.0247538
-0.460938 0.0247477
-0.459961 0.0247417
-0.458984 0.0247358
-0.458008 0.0247299
-0.457031 0.024724
-0.456055 0.0247183
-0.455078 0.0247126
-0.454102 0.024707
-0.453125 0.0247014
-0.452148 0.0246959
-0.451172 0.0246905
-0.450195 0.0246851
-0.449219 0.0246798
-0.448242 0.0246746
-0.447266 0.0246694
-0.446289 0.0246643
-0.445312 0.0246593
-0.444336 0.0246543
-0.443359 0.0246493
-0.442383 0.0246445
-0.441406 0.0246396
-0.44043 0.0246349
-0.439453 0.0246302
-0.438477 0.0246255
-0.4375 0.0246209
-0.436523 0.0246164
-0.435547 0.0246119
-0.43457 0.0246075
-0.433594 0.0246031
-0.432617 0.0245988
-0.431641 0.0245946
-0.430664 0.0245904
-0.429688 0.0245862
-0.428711 0.0245821
-0.427734 0.024578
-0.426758 0.024574
-0.425781 0.0245701
-0.424805 0.0245662
-0.423828 0.0245623
-0.422852 0.0245585
-0.421875 0.0245547
-0.420898 0.024551
-0.419922 0.0245473
-0.418945 0.0245437
-0.417969 0.0245401
-0.416992 0.0245366
-0.416016 0.0245331
-0.415039 0.0245297
-0.414062 0.0245263
-0.413086 0.0245229
-0.412109 0.0245196
-0.411133 0.0245163
-0.410156 0.0245131
-0.40918 0.0245099
-0.408203 0.0245068
-0.407227 0.0245037
-0.40625 0.0245006
-0.405273 0.0244976
-0.404297 0.0244946
-0.40332 0.0244917
-0.402344 0.0244888
-0.401367 0.0244859
-0.400391 0.0244831
-0.399414 0.0244803
-0.398438 0.0244775
-0.397461 0.0244748
-0.396484 0.0244721
-0.395508 0.0244695
-0.394531 0.0244668
-0.393555 0.0244643
-0.392578 0.0244617
-0.391602 0.0244592
-0.390625 0.0244567
-0.389648 0.0244543
-0.388672 0.0244519
-0.387695 0.0244495
-0.386719 0.0244472
-0.385742 0.0244449
-0.384766 0.0244426
-0.383789 0.0244404
-0.382812 0.0244381
-0.381836 0.024436
-0.380859 0.0244338
-0.379883 0.0244317
-0.378906 0.0244296
-0.37793 0.0244275
-0.376953 0.0244255
-0.375977 0.0244235
-0.375 0.0244215
-0.374023 0.0244196
-0.373047 0.0244176
-0.37207 0.0244157
-0.371094 0.0244139
-0.370117 0.024412
-0.369141 0.0244102
-0.368164 0.0244084
-0.367188 0.0244067
-0.366211 0.0244049
-0.365234 0.0244032
-0.364258 0.0244015
-0.363281 0.0243999
-0.362305 0.0243983
-0.361328 0.0243966
-0.360352 0.0243951
-0.359375 0.0243935
-0.358398 0.024392
-0.357422 0.0243904
-0.356445 0.024389
-0.355469 0.0243875
-0.354492 0.024386
-0.353516 0.0243846
-0.352539 0.0243832
-0.351562 0.0243818
-0.350586 0.0243805
-0.349609 0.0243792
-0.348633 0.0243778
-0.347656 0.0243766
-0.34668 0.0243753
-0.345703 0.024374
-0.344727 0.0243728
-0.34375 0.0243716
-0.342773 0.0243704
-0.341797 0.0243692
-0.34082 0.0243681
-0.339844 0.024367
-0.338867 0.0243658
-0.337891 0.0243648
-0.336914 0.0243637
-0.335938 0.0243626
-0.334961 0.0243616
-0.333984 0.0243606
-0.333008 0.0243596
-0.332031 0.0243586
-0.331055 0.0243576
-0.330078 0.0243567
-0.329102 0.0243558
-0.328125 0.0243548
-0.327148 0.0243539
-0.326172 0.0243531
-0.325195 0.0243522
-0.324219 0.0243514
-0.323242 0.0243505
-0.322266 0.0243497
-0.321289 0.0243489
-0.320312 0.0243482
-0.319336 0.0243474
-0.318359 0.0243466
-0.317383 0.0243459
-0.316406 0.0243452
-0.31543 0.0243445
-0.314453 0.0243438
-0.313477 0.0243431
-0.3125 0.0243425
-0.311523 0.0243418
-0.310547 0.0243412
-0.30957 0.0243406
-0.308594 0.02434
-0.307617 0.0243394
-0.306641 0.0243389
-0.305664 0.0243383
-0.304688 0.0243378
-0.303711 0.0243372
-0.302734 0.0243367
-0.301758 0.0243362
-0.300781 0.0243358
-0.299805 0.0243353
-0.298828 0.0243348
-0.297852 0.0243344
-0.296875 0.0243339
-0.295898 0.0243335
-0.294922 0.0243331
-0.293945 0.0243327
-0.292969 0.0243323
-0.291992 0.024332
-0.291016 0.0243316
-0.290039 0.0243313
-0.289062 0.024331
-0.288086 0.0243306
-0.287109 0.0243303
-0.286133 0.02433
-0.285156 0.0243298
-0.28418 0.0243295
-0.283203 0.0243292
-0.282227 0.024329
-0.28125 0.0243288
-0.280273 0.0243285
-0.279297 0.0243283
-0.27832 0.0243281
-0.277344 0.024328
-0.276367 0.0243278
-0.275391 0.0243276
-0.274414 0.0243275
-0.273438 0.0243273
-0.272461 0.0243272
-0.271484 0.0243271
-0.270508 0.024327
-0.269531 0.0243269
-0.268555 0.0243268
-0.267578 0.0243268
-0.266602 0.0243267
-0.265625 0.0243266
-0.264648 0.0243266
-0.263672 0.0243266
-0.262695 0.0243266
-0.261719 0.0243266
-0.260742 0.0243266
-0.259766 0.0243266
-0.258789 0.0243266
-0.257812 0.0243267
-0.256836 0.0243267
-0.255859 0.0243268
-0.254883 0.0243269
-0.253906 0.0243269
-0.25293 0.024327
-0.251953 0.0243271
-0.250977 0.0243273
-0.25 0.0243274
-0.249023 0.0243275
-0.248047 0.0243277
-0.24707 0.0243278
-0.246094 0.024328
-0.245117 0.0243282
-0.244141 0.0243284
-0.243164 0.0243286
-0.242188 0.0243288
-0.241211 0.024329
-0.240234 0.0243293
-0.239258 0.0243295
-0.238281 0.0243298
-0.237305 0.02433
-0.236328 0.0243303
-0.235352 0.0243306
-0.234375 0.0243309
-0.233398 0.0243312
-0.232422 0.0243315
-0.231445 0.0243319
-0.230469 0.0243322
-0.229492 0.0243325
-0.228516 0.0243329
-0.227539 0.0243333
-0.226562 0.0243337
-0.225586 0.0243341
-0.224609 0.0243345
-0.223633 0.0243349
-0.222656 0.0243353
-0.22168 0.0243358
-0.220703 0.0243362
-0.219727 0.0243367
-0.21875 0.0243372
-0.217773 0.0243376
-0.216797 0.0243381
-0.21582 0.0243386
-0.214844 0.0243392
-0.213867 0.0243397
-0.212891 0.0243402
-0.211914 0.0243408
-0.210938 0.0243413
-0.209961 0.0243419
-0.208984 0.0243425
-0.208008 0.0243431
-0.207031 0.0243437
-0.206055 0.0243443
-0.205078 0.0243449
-0.204102 0.0243456
-0.203125 0.0243462
-0.202148 0.0243469
-0.201172 0.0243476
-0.200195 0.0243483
-0.199219 0.024349
-0.198242 0.0243497
-0.197266 0.0243504
-0.196289 0.0243512
-0.195312 0.0243519
-0.194336 0.0243527
-0.193359 0.0243535
-0.192383 0.0243542
-0.191406 0.024355
-0.19043 0.0243559
-0.189453 0.0243567
-0.188477 0.0243575
-0.1875 0.0243584
-0.186523 0.0243592
-0.185547 0.0243601
-0.18457 0.024361
-0.183594 0.0243619
-0.182617 0.0243629
-0.181641 0.0243638
-0.180664 0.0243648
-0.179688 0.0243657
-0.178711 0.0243667
-0.177734 0.0243677
-0.176758 0.0243687
-0.175781 0.0243698
-0.174805 0.0243708
-0.173828 0.0243719
-0.172852 0.024373
-0.171875 0.0243741
-0.170898 0.0243752
-0.169922 0.0243763
-0.168945 0.0243775
-0.167969 0.0243787
-0.166992 0.0243799
-0.166016 0.0243811
-0.165039 0.0243823
-0.164062 0.0243836
-0.163086 0.0243849
-0.162109 0.0243862
-0.161133 0.0243875
-0.160156 0.0243889
-0.15918 0.0243903
-0.158203 0.0243917
-0.157227 0.0243932
-0.15625 0.0243946
-0.155273 0.0243962
-0.154297 0.0243977
-0.15332 0.0243993
-0.152344 0.0244009
-0.151367 0.0244025
-0.150391 0.0244042
-0.149414 0.0244059
-0.148438 0.0244076
-0.147461 0.0244094
-0.146484 0.0244113
-0.145508 0.0244131
-0.144531 0.0244151
-0.143555 0.024417
-0.142578 0.0244191
-0.141602 0.0244211
-0.140625 0.0244232
-0.139648 0.0244254
-0.138672 0.0244276
-0.137695 0.0244299
-0.136719 0.0244323
-0.135742 0.0244347
-0.134766 0.0244372
-0.133789 0.0244397
-0.132812 0.0244423
-0.131836 0.024445
-0.130859 0.0244478
-0.129883 0.0244506
-0.128906 0.0244535
-0.12793 0.0244565
-0.126953 0.0244595
-0.125977 0.0244627
-0.125 0.0244659
-0.124023 0.0244693
-0.123047 0.0244727
-0.12207 0.0244762
-0.121094 0.0244798
-0.120117 0.0244835
-0.119141 0.0244874
-0.118164 0.0244913
-0.117188 0.0244953
-0.116211 0.0244994
-0.115234 0.0245037
-0.114258 0.024508
-0.113281 0.0245125
-0.112305 0.024517
-0.111328 0.0245217
-0.110352 0.0245265
-0.109375 0.0245314
-0.108398 0.0245364
-0.107422 0.0245415
-0.106445 0.0245468
-0.105469 0.0245521
-0.104492 0.0245575
-0.103516 0.0245631
-0.102539 0.0245687
-0.101562 0.0245745
-0.100586 0.0245803
-0.0996094 0.0245862
-0.0986328 0.0245922
-0.0976562 0.0245983
-0.0966797 0.0246044
-0.0957031 0.0246106
-0.0947266 0.0246168
-0.09375 0.0246231
-0.0927734 0.0246293
-0.0917969 0.0246356
-0.0908203 0.0246418
-0.0898438 0.0246481
-0.0888672 0.0246542
-0.0878906 0.0246603
-0.0869141 0.0246663
-0.0859375 0.0246722
-0.0849609 0.0246779
-0.0839844 0.0246834
-0.0830078 0.0246887
-0.0820312 0.0246938
-0.0810547 0.0246985
-0.0800781 0.024703
-0.0791016 0.024707
-0.078125 0.0247107
-0.0771484 0.0247138
-0.0761719 0.0247165
-0.0751953 0.0247185
-0.0742188 0.0247199
-0.0732422 0.0247206
-0.0722656 0.0247205
-0.0712891 0.0247195
-0.0703125 0.0247176
-0.0693359 0.0247146
-0.0683594 0.0247106
-0.0673828 0.0247053
-0.0664062 0.0246986
-0.0654297 0.0246906
-0.0644531 0.024681
-0.0634766 0.0246697
-0.0625 0.0246566
-0.0615234 0.0246416
-0.0605469 0.0246246
-0.0595703 0.0246052
-0.0585938 0.0245835
-0.0576172 0.0245592
-0.0566406 0.0245322
-0.0556641 0.0245021
-0.0546875 0.0244689
-0.0537109 0.0244323
-0.0527344 0.024392
-0.0517578 0.0243478
-0.0507812 0.0242993
-0.0498047 0.0242463
-0.0488281 0.0241884
-0.0478516 0.0241253
-0.046875 0.0240565
-0.0458984 0.0239817
-0.0449219 0.0239004
-0.0439453 0.0238119
-0.0429688 0.0237159
-0.0419922 0.0236114
-0.0410156 0.0234978
-0.0400391 0.0233737
-0.0390625 0.0232378
-0.0380859 0.0230876
-0.0371094 0.0229195
-0.0361328 0.0227275
-0.0351562 0.0224952
-0.0341797 0.0221731
-0.0332031 0.021807
-0.0322266 0.0214964
-0.03125 0.0212315
-0.0302734 0.020984
-0.0292969 0.0207315
-0.0283203 0.0204673
-0.0273438 0.0202036
-0.0263672 0.0199624
-0.0253906 0.0197632
-0.0244141 0.0196106
-0.0234375 0.019491
-0.0224609 0.0193782
-0.0214844 0.0192467
-0.0205078 0.0190856
-0.0195312 0.018906
-0.0185547 0.0187379
-0.0175781 0.0186194
-0.0166016 0.0185804
-0.015625 0.0186322
-0.0146484 0.0187642
-0.0136719 0.0189523
-0.0126953 0.0191713
-0.0117188 0.0194068
-0.0107422 0.0196601
-0.00976562 0.0199426
-0.00878906 0.020264
-0.0078125 0.0206206
-0.00683594 0.0209879
-0.00585938 0.0213061
-0.00488281 0.0215405
-0.00390625 0.0217216
-0.00292969 0.0218622
-0.00195312 0.0219665
-0.000976562 0.0220334
0 0.0220927
