# ---$x/\lambda_\mathrm{l}$---	---$z/\lambda_\mathrm{l}$---
-2 0.0219373
-1.99902 0.0220149
-1.99805 0.0220863
-1.99707 0.0221495
-1.99609 0.0222024
-1.99512 0.0222413
-1.99414 0.0222616
-1.99316 0.0222456
-1.99219 0.0221451
-1.99121 0.0220486
-1.99023 0.0220089
-1.98926 0.0220347
-1.98828 0.0221121
-1.9873 0.0222138
-1.98633 0.0223138
-1.98535 0.0223978
-1.98438 0.0224691
-1.9834 0.0225443
-1.98242 0.022645
-1.98145 0.0227761
-1.98047 0.0228851
-1.97949 0.0229817
-1.97852 0.0230693
-1.97754 0.0231473
-1.97656 0.0232162
-1.97559 0.0232757
-1.97461 0.0233262
-1.97363 0.0233681
-1.97266 0.0234017
-1.97168 0.0234272
-1.9707 0.023445
-1.96973 0.023455
-1.96875 0.0234567
-1.96777 0.0234496
-1.9668 0.0234325
-1.96582 0.0234043
-1.96484 0.0233639
-1.96387 0.0233112
-1.96289 0.0232428
-1.96191 0.0231443
-1.96094 0.0230769
-1.95996 0.0230522
-1.95898 0.0230702
-1.95801 0.0231247
-1.95703 0.0231916
-1.95605 0.0232484
-1.95508 0.0233058
-1.9541 0.0233593
-1.95312 0.0234094
-1.95215 0.0234572
-1.95117 0.0235011
-1.9502 0.0235406
-1.94922 0.0235757
-1.94824 0.0236062
-1.94727 0.0236319
-1.94629 0.023653
-1.94531 0.0236697
-1.94434 0.0236824
-1.94336 0.0236918
-1.94238 0.023699
-1.94141 0.0237057
-1.94043 0.0237151
-1.93945 0.0237293
-1.93848 0.0237489
-1.9375 0.0237726
-1.93652 0.0237989
-1.93555 0.0238272
-1.93457 0.0238571
-1.93359 0.0238883
-1.93262 0.0239204
-1.93164 0.0239534
-1.93066 0.023987
-1.92969 0.0240212
-1.92871 0.0240558
-1.92773 0.0240909
-1.92676 0.0241264
-1.92578 0.0241619
-1.9248 0.0241975
-1.92383 0.0242328
-1.92285 0.0242674
-1.92188 0.0243011
-1.9209 0.0243336
-1.91992 0.0243645
-1.91895 0.0243938
-1.91797 0.0244211
-1.91699 0.0244466
-1.91602 0.02447
-1.91504 0.0244914
-1.91406 0.0245109
-1.91309 0.0245285
-1.91211 0.0245445
-1.91113 0.024559
-1.91016 0.0245722
-1.90918 0.0245845
-1.9082 0.0245963
-1.90723 0.0246077
-1.90625 0.0246191
-1.90527 0.0246304
-1.9043 0.0246415
-1.90332 0.0246523
-1.90234 0.0246623
-1.90137 0.0246715
-1.90039 0.0246798
-1.89941 0.024687
-1.89844 0.0246931
-1.89746 0.0246981
-1.89648 0.0247022
-1.89551 0.0247052
-1.89453 0.0247073
-1.89355 0.0247085
-1.89258 0.0247089
-1.8916 0.0247085
-1.89062 0.0247075
-1.88965 0.024706
-1.88867 0.024704
-1.8877 0.0247016
-1.88672 0.024699
-1.88574 0.0246962
-1.88477 0.0246933
-1.88379 0.0246902
-1.88281 0.0246869
-1.88184 0.0246833
-1.88086 0.024679
-1.87988 0.0246737
-1.87891 0.0246668
-1.87793 0.0246575
-1.87695 0.0246444
-1.87598 0.024626
-1.875 0.0245981
-1.87402 0.0245556
-1.87305 0.0244749
-1.87207 0.0243028
-1.87109 0.0241906
-1.87012 0.0241529
-1.86914 0.0241763
-1.86816 0.0242412
-1.86719 0.0243252
-1.86621 0.0244111
-1.86523 0.0244879
-1.86426 0.0245519
-1.86328 0.0245943
-1.8623 0.0246237
-1.86133 0.0246452
-1.86035 0.0246611
-1.85938 0.0246718
-1.8584 0.0246774
-1.85742 0.0246772
-1.85645 0.0246707
-1.85547 0.0246577
-1.85449 0.0246385
-1.85352 0.0246158
-1.85254 0.0245919
-1.85156 0.0245673
-1.85059 0.0245389
-1.84961 0.0245005
-1.84863 0.0244426
-1.84766 0.0243472
-1.84668 0.0242166
-1.8457 0.0240749
-1.84473 0.0239377
-1.84375 0.0238159
-1.84277 0.0237125
-1.8418 0.0236218
-1.84082 0.023532
-1.83984 0.0234305
-1.83887 0.023309
-1.83789 0.0231656
-1.83691 0.0230039
-1.83594 0.0228291
-1.83496 0.022644
-1.83398 0.0224476
-1.83301 0.0222356
-1.83203 0.0220034
-1.83105 0.021749
-1.83008 0.021474
-1.8291 0.0211828
-1.82812 0.020881
-1.82715 0.0205743
-1.82617 0.0202697
-1.8252 0.0199785
-1.82422 0.0197179
-1.82324 0.0195108
-1.82227 0.01938
-1.82129 0.01934
-1.82031 0.0193886
-1.81934 0.0195044
-1.81836 0.019651
-1.81738 0.0197885
-1.81641 0.0198879
-1.81543 0.0199401
-1.81445 0.0199574
-1.81348 0.0199641
-1.8125 0.019982
-1.81152 0.0200176
-1.81055 0.0200573
-1.80957 0.0200753
-1.80859 0.0200496
-1.80762 0.0199779
-1.80664 0.0198859
-1.80566 0.0198209
-1.80469 0.0198333
-1.80371 0.0199532
-1.80273 0.020174
-1.80176 0.0204513
-1.80078 0.0207182
-1.7998 0.0209128
-1.79883 0.0210025
-1.79785 0.0209973
-1.79688 0.0209423
-1.7959 0.0208953
-1.79492 0.0208985
-1.79395 0.0209589
-1.79297 0.0210451
-1.79199 0.0211049
-1.79102 0.0210925
-1.79004 0.0209944
-1.78906 0.0208411
-1.78809 0.0206982
-1.78711 0.0206426
-1.78613 0.0207322
-1.78516 0.0209843
-1.78418 0.0213711
-1.7832 0.0218328
-1.78223 0.0223017
-1.78125 0.0227271
-1.78027 0.0230885
-1.7793 0.023395
-1.77832 0.0236724
-1.77734 0.023946
-1.77637 0.0242286
-1.77539 0.0245173
-1.77441 0.0248011
-1.77344 0.0250716
-1.77246 0.0253319
-1.77148 0.0255972
-1.77051 0.0258882
-1.76953 0.0262195
-1.76855 0.0265908
-1.76758 0.0269832
-1.7666 0.0273646
-1.76562 0.0276997
-1.76465 0.0279615
-1.76367 0.028138
-1.7627 0.0282337
-1.76172 0.0282645
-1.76074 0.0282514
-1.75977 0.0282139
-1.75879 0.0281668
-1.75781 0.0281199
-1.75684 0.0280795
-1.75586 0.0280503
-1.75488 0.0280358
-1.75391 0.0280381
-1.75293 0.0280583
-1.75195 0.0280963
-1.75098 0.0281522
-1.75 0.0282267
-1.74902 0.0283206
-1.74805 0.0284329
-1.74707 0.0285584
-1.74609 0.0286872
-1.74512 0.0288069
-1.74414 0.0289069
-1.74316 0.0289847
-1.74219 0.0290496
-1.74121 0.0291211
-1.74023 0.029222
-1.73926 0.0293684
-1.73828 0.0295597
-1.7373 0.029774
-1.73633 0.0299725
-1.73535 0.0301105
-1.73438 0.0301586
-1.7334 0.0301075
-1.73242 0.0299731
-1.73145 0.0297992
-1.73047 0.0296389
-1.72949 0.0295365
-1.72852 0.0295125
-1.72754 0.029558
-1.72656 0.0296389
-1.72559 0.0297103
-1.72461 0.0297331
-1.72363 0.0296891
-1.72266 0.0295871
-1.72168 0.0294601
-1.7207 0.0293546
-1.71973 0.0293163
-1.71875 0.0293771
-1.71777 0.0295483
-1.7168 0.0298197
-1.71582 0.0301642
-1.71484 0.0305457
-1.71387 0.0309208
-1.71289 0.0312084
-1.71191 0.0314196
-1.71094 0.0315855
-1.70996 0.0317149
-1.70898 0.0318096
-1.70801 0.0318624
-1.70703 0.0318489
-1.70605 0.0317162
-1.70508 0.0315866
-1.7041 0.0315212
-1.70312 0.0315637
-1.70215 0.0317353
-1.70117 0.0320271
-1.7002 0.0323901
-1.69922 0.0326413
-1.69824 0.0327822
-1.69727 0.0328766
-1.69629 0.0329438
-1.69531 0.0329927
-1.69434 0.0330276
-1.69336 0.0330519
-1.69238 0.0330673
-1.69141 0.0330755
-1.69043 0.0330773
-1.68945 0.0330738
-1.68848 0.0330655
-1.6875 0.0330529
-1.68652 0.0330365
-1.68555 0.0330166
-1.68457 0.0329935
-1.68359 0.0329675
-1.68262 0.0329388
-1.68164 0.0329076
-1.68066 0.0328742
-1.67969 0.0328386
-1.67871 0.0328011
-1.67773 0.0327617
-1.67676 0.0327207
-1.67578 0.0326781
-1.6748 0.032634
-1.67383 0.0325886
-1.67285 0.032542
-1.67188 0.0324942
-1.6709 0.0324454
-1.66992 0.0323957
-1.66895 0.032345
-1.66797 0.0322937
-1.66699 0.0322416
-1.66602 0.0321888
-1.66504 0.0321355
-1.66406 0.0320818
-1.66309 0.0320276
-1.66211 0.031973
-1.66113 0.0319182
-1.66016 0.0318631
-1.65918 0.0318078
-1.6582 0.0317524
-1.65723 0.0316969
-1.65625 0.0316413
-1.65527 0.0315858
-1.6543 0.0315303
-1.65332 0.0314749
-1.65234 0.0314196
-1.65137 0.0313645
-1.65039 0.0313096
-1.64941 0.031255
-1.64844 0.0312005
-1.64746 0.0311464
-1.64648 0.0310926
-1.64551 0.0310392
-1.64453 0.0309861
-1.64355 0.0309335
-1.64258 0.0308812
-1.6416 0.0308294
-1.64062 0.030778
-1.63965 0.0307271
-1.63867 0.0306767
-1.6377 0.0306268
-1.63672 0.0305774
-1.63574 0.0305286
-1.63477 0.0304803
-1.63379 0.0304325
-1.63281 0.0303853
-1.63184 0.0303386
-1.63086 0.0302926
-1.62988 0.0302471
-1.62891 0.0302022
-1.62793 0.0301579
-1.62695 0.0301142
-1.62598 0.0300711
-1.625 0.0300285
-1.62402 0.0299866
-1.62305 0.0299453
-1.62207 0.0299046
-1.62109 0.0298645
-1.62012 0.0298249
-1.61914 0.029786
-1.61816 0.0297477
-1.61719 0.0297099
-1.61621 0.0296728
-1.61523 0.0296362
-1.61426 0.0296002
-1.61328 0.0295648
-1.6123 0.0295299
-1.61133 0.0294956
-1.61035 0.0294619
-1.60938 0.0294287
-1.6084 0.0293961
-1.60742 0.029364
-1.60645 0.0293324
-1.60547 0.0293014
-1.60449 0.0292709
-1.60352 0.0292409
-1.60254 0.0292114
-1.60156 0.0291824
-1.60059 0.0291538
-1.59961 0.0291258
-1.59863 0.0290982
-1.59766 0.0290711
-1.59668 0.0290445
-1.5957 0.0290183
-1.59473 0.0289925
-1.59375 0.0289672
-1.59277 0.0289423
-1.5918 0.0289178
-1.59082 0.0288937
-1.58984 0.02887
-1.58887 0.0288467
-1.58789 0.0288238
-1.58691 0.0288012
-1.58594 0.028779
-1.58496 0.0287572
-1.58398 0.0287357
-1.58301 0.0287146
-1.58203 0.0286938
-1.58105 0.0286733
-1.58008 0.0286532
-1.5791 0.0286333
-1.57812 0.0286138
-1.57715 0.0285945
-1.57617 0.0285755
-1.5752 0.0285569
-1.57422 0.0285384
-1.57324 0.0285203
-1.57227 0.0285024
-1.57129 0.0284848
-1.57031 0.0284674
-1.56934 0.0284502
-1.56836 0.0284333
-1.56738 0.0284166
-1.56641 0.0284001
-1.56543 0.0283838
-1.56445 0.0283677
-1.56348 0.0283518
-1.5625 0.0283361
-1.56152 0.0283206
-1.56055 0.0283053
-1.55957 0.0282901
-1.55859 0.0282751
-1.55762 0.0282602
-1.55664 0.0282455
-1.55566 0.028231
-1.55469 0.0282165
-1.55371 0.0282022
-1.55273 0.028188
-1.55176 0.028174
-1.55078 0.02816
-1.5498 0.0281461
-1.54883 0.0281324
-1.54785 0.0281187
-1.54688 0.0281051
-1.5459 0.0280916
-1.54492 0.0280782
-1.54395 0.0280648
-1.54297 0.0280515
-1.54199 0.0280382
-1.54102 0.028025
-1.54004 0.0280119
-1.53906 0.0279988
-1.53809 0.0279857
-1.53711 0.0279727
-1.53613 0.0279597
-1.53516 0.0279468
-1.53418 0.0279338
-1.5332 0.0279209
-1.53223 0.027908
-1.53125 0.0278952
-1.53027 0.0278823
-1.5293 0.0278695
-1.52832 0.0278566
-1.52734 0.0278438
-1.52637 0.027831
-1.52539 0.0278182
-1.52441 0.0278054
-1.52344 0.0277926
-1.52246 0.0277798
-1.52148 0.027767
-1.52051 0.0277542
-1.51953 0.0277414
-1.51855 0.0277286
-1.51758 0.0277158
-1.5166 0.027703
-1.51562 0.0276902
-1.51465 0.0276774
-1.51367 0.0276646
-1.5127 0.0276518
-1.51172 0.027639
-1.51074 0.0276262
-1.50977 0.0276134
-1.50879 0.0276007
-1.50781 0.0275879
-1.50684 0.0275751
-1.50586 0.0275623
-1.50488 0.0275495
-1.50391 0.0275367
-1.50293 0.0275239
-1.50195 0.0275112
-1.50098 0.0274984
-1.5 0.0274856
-1.49902 0.0274729
-1.49805 0.0274602
-1.49707 0.0274474
-1.49609 0.0274347
-1.49512 0.027422
-1.49414 0.0274093
-1.49316 0.0273967
-1.49219 0.027384
-1.49121 0.0273714
-1.49023 0.0273587
-1.48926 0.0273461
-1.48828 0.0273335
-1.4873 0.027321
-1.48633 0.0273084
-1.48535 0.0272959
-1.48438 0.0272834
-1.4834 0.027271
-1.48242 0.0272585
-1.48145 0.0272461
-1.48047 0.0272337
-1.47949 0.0272213
-1.47852 0.027209
-1.47754 0.0271967
-1.47656 0.0271844
-1.47559 0.0271722
-1.47461 0.02716
-1.47363 0.0271478
-1.47266 0.0271357
-1.47168 0.0271236
-1.4707 0.0271115
-1.46973 0.0270995
-1.46875 0.0270875
-1.46777 0.0270755
-1.4668 0.0270636
-1.46582 0.0270517
-1.46484 0.0270399
-1.46387 0.0270281
-1.46289 0.0270163
-1.46191 0.0270046
-1.46094 0.0269929
-1.45996 0.0269813
-1.45898 0.0269697
-1.45801 0.0269582
-1.45703 0.0269467
-1.45605 0.0269353
-1.45508 0.0269239
-1.4541 0.0269125
-1.45312 0.0269012
-1.45215 0.0268899
-1.45117 0.0268787
-1.4502 0.0268675
-1.44922 0.0268564
-1.44824 0.0268453
-1.44727 0.0268343
-1.44629 0.0268233
-1.44531 0.0268124
-1.44434 0.0268015
-1.44336 0.0267907
-1.44238 0.0267799
-1.44141 0.0267692
-1.44043 0.0267585
-1.43945 0.0267479
-1.43848 0.0267373
-1.4375 0.0267268
-1.43652 0.0267163
-1.43555 0.0267059
-1.43457 0.0266955
-1.43359 0.0266852
-1.43262 0.0266749
-1.43164 0.0266647
-1.43066 0.0266545
-1.42969 0.0266444
-1.42871 0.0266344
-1.42773 0.0266243
-1.42676 0.0266144
-1.42578 0.0266044
-1.4248 0.0265946
-1.42383 0.0265848
-1.42285 0.026575
-1.42188 0.0265653
-1.4209 0.0265556
-1.41992 0.026546
-1.41895 0.0265364
-1.41797 0.0265269
-1.41699 0.0265174
-1.41602 0.026508
-1.41504 0.0264986
-1.41406 0.0264893
-1.41309 0.02648
-1.41211 0.0264708
-1.41113 0.0264616
-1.41016 0.0264525
-1.40918 0.0264434
-1.4082 0.0264343
-1.40723 0.0264253
-1.40625 0.0264164
-1.40527 0.0264075
-1.4043 0.0263986
-1.40332 0.0263898
-1.40234 0.026381
-1.40137 0.0263723
-1.40039 0.0263636
-1.39941 0.026355
-1.39844 0.0263464
-1.39746 0.0263378
-1.39648 0.0263293
-1.39551 0.0263209
-1.39453 0.0263124
-1.39355 0.026304
-1.39258 0.0262957
-1.3916 0.0262874
-1.39062 0.0262791
-1.38965 0.0262709
-1.38867 0.0262627
-1.3877 0.0262546
-1.38672 0.0262465
-1.38574 0.0262384
-1.38477 0.0262304
-1.38379 0.0262224
-1.38281 0.0262144
-1.38184 0.0262065
-1.38086 0.0261986
-1.37988 0.0261908
-1.37891 0.026183
-1.37793 0.0261752
-1.37695 0.0261674
-1.37598 0.0261597
-1.375 0.0261521
-1.37402 0.0261444
-1.37305 0.0261368
-1.37207 0.0261293
-1.37109 0.0261217
-1.37012 0.0261142
-1.36914 0.0261067
-1.36816 0.0260993
-1.36719 0.0260919
-1.36621 0.0260845
-1.36523 0.0260772
-1.36426 0.0260699
-1.36328 0.0260626
-1.3623 0.0260553
-1.36133 0.0260481
-1.36035 0.0260409
-1.35938 0.0260337
-1.3584 0.0260266
-1.35742 0.0260195
-1.35645 0.0260124
-1.35547 0.0260053
-1.35449 0.0259983
-1.35352 0.0259913
-1.35254 0.0259843
-1.35156 0.0259774
-1.35059 0.0259705
-1.34961 0.0259636
-1.34863 0.0259567
-1.34766 0.0259499
-1.34668 0.0259431
-1.3457 0.0259363
-1.34473 0.0259295
-1.34375 0.0259228
-1.34277 0.025916
-1.3418 0.0259093
-1.34082 0.0259027
-1.33984 0.025896
-1.33887 0.0258894
-1.33789 0.0258828
-1.33691 0.0258762
-1.33594 0.0258697
-1.33496 0.0258631
-1.33398 0.0258566
-1.33301 0.0258501
-1.33203 0.0258437
-1.33105 0.0258372
-1.33008 0.0258308
-1.3291 0.0258244
-1.32812 0.025818
-1.32715 0.0258116
-1.32617 0.0258053
-1.3252 0.0257989
-1.32422 0.0257926
-1.32324 0.0257863
-1.32227 0.0257801
-1.32129 0.0257738
-1.32031 0.0257676
-1.31934 0.0257614
-1.31836 0.0257552
-1.31738 0.025749
-1.31641 0.0257428
-1.31543 0.0257367
-1.31445 0.0257305
-1.31348 0.0257244
-1.3125 0.0257183
-1.31152 0.0257122
-1.31055 0.0257062
-1.30957 0.0257001
-1.30859 0.0256941
-1.30762 0.0256881
-1.30664 0.025682
-1.30566 0.0256761
-1.30469 0.0256701
-1.30371 0.0256641
-1.30273 0.0256582
-1.30176 0.0256522
-1.30078 0.0256463
-1.2998 0.0256404
-1.29883 0.0256345
-1.29785 0.0256286
-1.29688 0.0256227
-1.2959 0.0256169
-1.29492 0.025611
-1.29395 0.0256052
-1.29297 0.0255993
-1.29199 0.0255935
-1.29102 0.0255877
-1.29004 0.0255819
-1.28906 0.0255761
-1.28809 0.0255703
-1.28711 0.0255646
-1.28613 0.0255588
-1.28516 0.025553
-1.28418 0.0255473
-1.2832 0.0255415
-1.28223 0.0255358
-1.28125 0.0255301
-1.28027 0.0255244
-1.2793 0.0255186
-1.27832 0.0255129
-1.27734 0.0255072
-1.27637 0.0255015
-1.27539 0.0254958
-1.27441 0.0254902
-1.27344 0.0254845
-1.27246 0.0254788
-1.27148 0.0254731
-1.27051 0.0254675
-1.26953 0.0254618
-1.26855 0.0254561
-1.26758 0.0254505
-1.2666 0.0254448
-1.26562 0.0254391
-1.26465 0.0254335
-1.26367 0.0254278
-1.2627 0.0254222
-1.26172 0.0254165
-1.26074 0.0254108
-1.25977 0.0254052
-1.25879 0.0253995
-1.25781 0.0253939
-1.25684 0.0253882
-1.25586 0.0253825
-1.25488 0.0253769
-1.25391 0.0253712
-1.25293 0.0253655
-1.25195 0.0253599
-1.25098 0.0253542
-1.25 0.0253485
-1.24902 0.0253428
-1.24805 0.0253371
-1.24707 0.0253314
-1.24609 0.0253257
-1.24512 0.02532
-1.24414 0.0253143
-1.24316 0.0253086
-1.24219 0.0253029
-1.24121 0.0252971
-1.24023 0.0252914
-1.23926 0.0252856
-1.23828 0.0252799
-1.2373 0.0252741
-1.23633 0.0252683
-1.23535 0.0252626
-1.23438 0.0252568
-1.2334 0.025251
-1.23242 0.0252452
-1.23145 0.0252394
-1.23047 0.0252335
-1.22949 0.0252277
-1.22852 0.0252218
-1.22754 0.025216
-1.22656 0.0252101
-1.22559 0.0252042
-1.22461 0.0251983
-1.22363 0.0251924
-1.22266 0.0251865
-1.22168 0.0251806
-1.2207 0.0251746
-1.21973 0.0251686
-1.21875 0.0251627
-1.21777 0.0251567
-1.2168 0.0251506
-1.21582 0.0251446
-1.21484 0.0251385
-1.21387 0.0251325
-1.21289 0.0251264
-1.21191 0.0251203
-1.21094 0.0251141
-1.20996 0.025108
-1.20898 0.0251018
-1.20801 0.0250956
-1.20703 0.0250893
-1.20605 0.025083
-1.20508 0.0250767
-1.2041 0.0250704
-1.20312 0.025064
-1.20215 0.0250576
-1.20117 0.0250512
-1.2002 0.0250447
-1.19922 0.0250382
-1.19824 0.0250316
-1.19727 0.025025
-1.19629 0.0250184
-1.19531 0.0250117
-1.19434 0.0250049
-1.19336 0.0249981
-1.19238 0.0249913
-1.19141 0.0249844
-1.19043 0.0249775
-1.18945 0.0249705
-1.18848 0.0249634
-1.1875 0.0249563
-1.18652 0.0249492
-1.18555 0.0249419
-1.18457 0.0249346
-1.18359 0.0249271
-1.18262 0.0249196
-1.18164 0.0249118
-1.18066 0.0249039
-1.17969 0.0248957
-1.17871 0.0248872
-1.17773 0.0248783
-1.17676 0.024869
-1.17578 0.0248592
-1.1748 0.0248486
-1.17383 0.0248373
-1.17285 0.0248249
-1.17188 0.0248111
-1.1709 0.0247955
-1.16992 0.0247775
-1.16895 0.0247559
-1.16797 0.0247295
-1.16699 0.024697
-1.16602 0.0246585
-1.16504 0.0246246
-1.16406 0.0246045
-1.16309 0.0245988
-1.16211 0.0246022
-1.16113 0.0246062
-1.16016 0.0246061
-1.15918 0.0246016
-1.1582 0.0245919
-1.15723 0.024572
-1.15625 0.0245272
-1.15527 0.0245118
-1.1543 0.0245408
-1.15332 0.0245901
-1.15234 0.0246086
-1.15137 0.0246149
-1.15039 0.0246162
-1.14941 0.0246132
-1.14844 0.0246072
-1.14746 0.0245982
-1.14648 0.0245865
-1.14551 0.0245719
-1.14453 0.0245546
-1.14355 0.024534
-1.14258 0.0245101
-1.1416 0.0244823
-1.14062 0.0244501
-1.13965 0.0244126
-1.13867 0.0243692
-1.1377 0.0243189
-1.13672 0.0242612
-1.13574 0.0241953
-1.13477 0.0241173
-1.13379 0.0240125
-1.13281 0.0238848
-1.13184 0.0237838
-1.13086 0.023719
-1.12988 0.0236918
-1.12891 0.0236983
-1.12793 0.0237032
-1.12695 0.0236783
-1.12598 0.0236366
-1.125 0.0235799
-1.12402 0.0235039
-1.12305 0.0234012
-1.12207 0.0232578
-1.12109 0.023035
-1.12012 0.0226845
-1.11914 0.022348
-1.11816 0.0220857
-1.11719 0.0219229
-1.11621 0.0218499
-1.11523 0.0218249
-1.11426 0.0217918
-1.11328 0.0217032
-1.1123 0.0215406
-1.11133 0.0213215
-1.11035 0.0210916
-1.10938 0.0209043
-1.1084 0.0207968
-1.10742 0.0207741
-1.10645 0.0208088
-1.10547 0.0208548
-1.10449 0.020871
-1.10352 0.0208418
-1.10254 0.0207856
-1.10156 0.0207482
-1.10059 0.0207832
-1.09961 0.02093
-1.09863 0.0211989
-1.09766 0.0215701
-1.09668 0.0220052
-1.0957 0.0224652
-1.09473 0.0229003
-1.09375 0.0231982
-1.09277 0.023427
-1.0918 0.0236164
-1.09082 0.0237762
-1.08984 0.0239143
-1.08887 0.0240347
-1.08789 0.024141
-1.08691 0.0242354
-1.08594 0.02432
-1.08496 0.0243958
-1.08398 0.0244643
-1.08301 0.0245262
-1.08203 0.0245824
-1.08105 0.0246333
-1.08008 0.0246797
-1.0791 0.0247218
-1.07812 0.0247601
-1.07715 0.0247949
-1.07617 0.0248266
-1.0752 0.0248552
-1.07422 0.0248811
-1.07324 0.0249043
-1.07227 0.0249252
-1.07129 0.0249438
-1.07031 0.0249603
-1.06934 0.0249746
-1.06836 0.0249871
-1.06738 0.0249977
-1.06641 0.0250065
-1.06543 0.0250135
-1.06445 0.0250189
-1.06348 0.0250226
-1.0625 0.0250248
-1.06152 0.0250254
-1.06055 0.0250244
-1.05957 0.0250219
-1.05859 0.0250178
-1.05762 0.0250122
-1.05664 0.025005
-1.05566 0.0249962
-1.05469 0.0249857
-1.05371 0.0249735
-1.05273 0.0249596
-1.05176 0.0249437
-1.05078 0.0249259
-1.0498 0.024906
-1.04883 0.0248839
-1.04785 0.0248595
-1.04688 0.0248328
-1.0459 0.0248038
-1.04492 0.0247728
-1.04395 0.0247406
-1.04297 0.0247089
-1.04199 0.0246813
-1.04102 0.0246615
-1.04004 0.0246514
-1.03906 0.0246502
-1.03809 0.0246551
-1.03711 0.0246637
-1.03613 0.0246741
-1.03516 0.0246854
-1.03418 0.0246968
-1.0332 0.0247079
-1.03223 0.0247188
-1.03125 0.0247293
-1.03027 0.0247394
-1.0293 0.024749
-1.02832 0.0247579
-1.02734 0.0247661
-1.02637 0.0247735
-1.02539 0.0247802
-1.02441 0.0247861
-1.02344 0.0247913
-1.02246 0.0247958
-1.02148 0.0247996
-1.02051 0.0248028
-1.01953 0.0248053
-1.01855 0.0248073
-1.01758 0.0248087
-1.0166 0.0248095
-1.01562 0.0248098
-1.01465 0.0248096
-1.01367 0.0248089
-1.0127 0.0248076
-1.01172 0.0248058
-1.01074 0.0248034
-1.00977 0.0248005
-1.00879 0.0247971
-1.00781 0.0247931
-1.00684 0.0247885
-1.00586 0.0247834
-1.00488 0.0247776
-1.00391 0.0247712
-1.00293 0.0247641
-1.00195 0.0247564
-1.00098 0.0247479
-1 0.0247387
-0.999023 0.0247288
-0.998047 0.024718
-0.99707 0.0247064
-0.996094 0.0246939
-0.995117 0.0246804
-0.994141 0.0246659
-0.993164 0.0246504
-0.992188 0.0246338
-0.991211 0.024616
-0.990234 0.024597
-0.989258 0.0245766
-0.988281 0.0245548
-0.987305 0.0245316
-0.986328 0.0245067
-0.985352 0.0244802
-0.984375 0.0244519
-0.983398 0.0244217
-0.982422 0.0243896
-0.981445 0.0243553
-0.980469 0.0243187
-0.979492 0.0242796
-0.978516 0.024238
-0.977539 0.0241936
-0.976562 0.024146
-0.975586 0.0240951
-0.974609 0.0240404
-0.973633 0.0239814
-0.972656 0.0239176
-0.97168 0.0238482
-0.970703 0.0237726
-0.969727 0.0236897
-0.96875 0.0235985
-0.967773 0.0234979
-0.966797 0.0233862
-0.96582 0.0232622
-0.964844 0.0231239
-0.963867 0.0229694
-0.962891 0.0227898
-0.961914 0.02256
-0.960938 0.0223964
-0.959961 0.0223301
-0.958984 0.0223363
-0.958008 0.0223878
-0.957031 0.0224666
-0.956055 0.0225647
-0.955078 0.0226783
-0.954102 0.0227974
-0.953125 0.0228871
-0.952148 0.0229539
-0.951172 0.022998
-0.950195 0.0230153
-0.949219 0.0229932
-0.948242 0.0229294
-0.947266 0.0228646
-0.946289 0.0228176
-0.945312 0.0227926
-0.944336 0.0227821
-0.943359 0.0227746
-0.942383 0.0227617
-0.941406 0.0227448
-0.94043 0.0227338
-0.939453 0.0227416
-0.938477 0.0227758
-0.9375 0.0228339
-0.936523 0.0229036
-0.935547 0.0229682
-0.93457 0.023014
-0.933594 0.0230351
-0.932617 0.0230337
-0.931641 0.0230148
-0.930664 0.0229801
-0.929688 0.0229242
-0.928711 0.0228391
-0.927734 0.0227193
-0.926758 0.0225668
-0.925781 0.0223938
-0.924805 0.022221
-0.923828 0.0220774
-0.922852 0.0219828
-0.921875 0.02194
-0.920898 0.0219342
-0.919922 0.0219385
-0.918945 0.0219252
-0.917969 0.0218757
-0.916992 0.0217872
-0.916016 0.0216708
-0.915039 0.0215444
-0.914062 0.0214248
-0.913086 0.0213217
-0.912109 0.021237
-0.911133 0.0211687
-0.910156 0.0211159
-0.90918 0.0210812
-0.908203 0.0210696
-0.907227 0.0210834
-0.90625 0.0211181
-0.905273 0.0211596
-0.904297 0.0211878
-0.90332 0.0211827
-0.902344 0.0211323
-0.901367 0.0210365
-0.900391 0.0209063
-0.899414 0.0207586
-0.898438 0.0206082
-0.897461 0.0204634
-0.896484 0.0203242
-0.895508 0.0201865
-0.894531 0.0200474
-0.893555 0.0199111
-0.892578 0.0197892
-0.891602 0.0196987
-0.890625 0.0196563
-0.889648 0.0196733
-0.888672 0.0197529
-0.887695 0.0198909
-0.886719 0.020078
-0.885742 0.0203027
-0.884766 0.0205526
-0.883789 0.0208132
-0.882812 0.021068
-0.881836 0.0212981
-0.880859 0.0214857
-0.879883 0.0216186
-0.878906 0.0216955
-0.87793 0.0217276
-0.876953 0.0217369
-0.875977 0.0217499
-0.875 0.02179
-0.874023 0.0218716
-0.873047 0.0219976
-0.87207 0.0221613
-0.871094 0.0223512
-0.870117 0.0225558
-0.869141 0.0227658
-0.868164 0.0229739
-0.867188 0.0231719
-0.866211 0.0233484
-0.865234 0.0234896
-0.864258 0.0235814
-0.863281 0.0236153
-0.862305 0.0235927
-0.861328 0.0235263
-0.860352 0.0234382
-0.859375 0.0233542
-0.858398 0.0232976
-0.857422 0.0232831
-0.856445 0.0233144
-0.855469 0.0233845
-0.854492 0.0234777
-0.853516 0.0235743
-0.852539 0.0236535
-0.851562 0.0236974
-0.850586 0.0236946
-0.849609 0.0236423
-0.848633 0.0235478
-0.847656 0.0234271
-0.84668 0.023301
-0.845703 0.0231887
-0.844727 0.0231015
-0.84375 0.0230393
-0.842773 0.0229917
-0.841797 0.0229437
-0.84082 0.0228853
-0.839844 0.0228184
-0.838867 0.0227597
-0.837891 0.0227364
-0.836914 0.0227763
-0.835938 0.0228958
-0.834961 0.0230927
-0.833984 0.0233454
-0.833008 0.0236212
-0.832031 0.0238882
-0.831055 0.0241278
-0.830078 0.0243398
-0.829102 0.0245399
-0.828125 0.0247493
-0.827148 0.0249804
-0.826172 0.0252116
-0.825195 0.0254081
-0.824219 0.0255812
-0.823242 0.0257306
-0.822266 0.0258563
-0.821289 0.0259586
-0.820312 0.0260377
-0.819336 0.0260975
-0.818359 0.0261549
-0.817383 0.0262289
-0.816406 0.0263262
-0.81543 0.0264434
-0.814453 0.0265724
-0.813477 0.026704
-0.8125 0.0268321
-0.811523 0.0269547
-0.810547 0.027074
-0.80957 0.0271945
-0.808594 0.0273199
-0.807617 0.0274497
-0.806641 0.027574
-0.805664 0.0276815
-0.804688 0.0277712
-0.803711 0.027844
-0.802734 0.0279005
-0.801758 0.0279408
-0.800781 0.0279639
-0.799805 0.0279677
-0.798828 0.0279483
-0.797852 0.0278968
-0.796875 0.0277888
-0.795898 0.0276381
-0.794922 0.0275206
-0.793945 0.027439
-0.792969 0.0273885
-0.791992 0.027372
-0.791016 0.0274012
-0.790039 0.0274941
-0.789062 0.0276641
-0.788086 0.0279109
-0.787109 0.0282061
-0.786133 0.0284204
-0.785156 0.0285725
-0.78418 0.0286913
-0.783203 0.0287866
-0.782227 0.0288645
-0.78125 0.0289282
-0.780273 0.0289802
-0.779297 0.0290222
-0.77832 0.0290559
-0.777344 0.0290823
-0.776367 0.0291026
-0.775391 0.0291176
-0.774414 0.0291282
-0.773438 0.0291346
-0.772461 0.0291371
-0.771484 0.0291357
-0.770508 0.0291303
-0.769531 0.0291208
-0.768555 0.0291071
-0.767578 0.0290892
-0.766602 0.0290671
-0.765625 0.0290411
-0.764648 0.0290114
-0.763672 0.0289783
-0.762695 0.0289421
-0.761719 0.0289028
-0.760742 0.0288606
-0.759766 0.0288153
-0.758789 0.0287667
-0.757812 0.0287143
-0.756836 0.0286574
-0.755859 0.0285953
-0.754883 0.0285272
-0.753906 0.0284522
-0.75293 0.0283694
-0.751953 0.0282776
-0.750977 0.0281763
-0.75 0.0280638
-0.749023 0.027939
-0.748047 0.0277976
-0.74707 0.0276272
-0.746094 0.0274422
-0.745117 0.0272544
-0.744141 0.0270622
-0.743164 0.0268692
-0.742188 0.0266835
-0.741211 0.0265131
-0.740234 0.0263599
-0.739258 0.0262181
-0.738281 0.0260765
-0.737305 0.0259255
-0.736328 0.0257658
-0.735352 0.0256124
-0.734375 0.0254923
-0.733398 0.0254357
-0.732422 0.0254633
-0.731445 0.0255768
-0.730469 0.0257576
-0.729492 0.0259734
-0.728516 0.0261914
-0.727539 0.0263911
-0.726562 0.0265701
-0.725586 0.0267401
-0.724609 0.0269148
-0.723633 0.0270969
-0.722656 0.0272653
-0.72168 0.0273913
-0.720703 0.0274789
-0.719727 0.0275069
-0.71875 0.0274469
-0.717773 0.0273534
-0.716797 0.0272799
-0.71582 0.027271
-0.714844 0.0273466
-0.713867 0.0274933
-0.712891 0.0276705
-0.711914 0.0278277
-0.710938 0.0279262
-0.709961 0.0279543
-0.708984 0.0279279
-0.708008 0.0278818
-0.707031 0.027851
-0.706055 0.027855
-0.705078 0.0278912
-0.704102 0.0279404
-0.703125 0.0279798
-0.702148 0.027997
-0.701172 0.0279974
-0.700195 0.0279995
-0.699219 0.0280236
-0.698242 0.0280783
-0.697266 0.0281527
-0.696289 0.0282205
-0.695312 0.0282525
-0.694336 0.0282328
-0.693359 0.0281701
-0.692383 0.0280978
-0.691406 0.0280621
-0.69043 0.0281036
-0.689453 0.02824
-0.688477 0.0284582
-0.6875 0.0287099
-0.686523 0.028876
-0.685547 0.0290003
-0.68457 0.0290969
-0.683594 0.02917
-0.682617 0.0292217
-0.681641 0.0292509
-0.680664 0.0292503
-0.679688 0.0291939
-0.678711 0.0291396
-0.677734 0.0291069
-0.676758 0.0291079
-0.675781 0.0291541
-0.674805 0.0292509
-0.673828 0.0293924
-0.672852 0.0295584
-0.671875 0.0297177
-0.670898 0.0298366
-0.669922 0.0298903
-0.668945 0.0298718
-0.667969 0.0297945
-0.666992 0.0296869
-0.666016 0.0295822
-0.665039 0.0295072
-0.664062 0.0294761
-0.663086 0.0294892
-0.662109 0.029539
-0.661133 0.0296163
-0.660156 0.0297159
-0.65918 0.0298359
-0.658203 0.0299744
-0.657227 0.0301178
-0.65625 0.0301834
-0.655273 0.0302089
-0.654297 0.0302131
-0.65332 0.0302008
-0.652344 0.030175
-0.651367 0.0301355
-0.650391 0.0300816
-0.649414 0.0300107
-0.648438 0.0299189
-0.647461 0.0297995
-0.646484 0.0296328
-0.645508 0.0293747
-0.644531 0.0290985
-0.643555 0.0288453
-0.642578 0.0286564
-0.641602 0.0285654
-0.640625 0.0285854
-0.639648 0.0287038
-0.638672 0.0288864
-0.637695 0.0290902
-0.636719 0.0292787
-0.635742 0.0294334
-0.634766 0.029557
-0.633789 0.0296671
-0.632812 0.0297839
-0.631836 0.0299186
-0.630859 0.0300667
-0.629883 0.0302102
-0.628906 0.0303228
-0.62793 0.0303966
-0.626953 0.0304468
-0.625977 0.0304706
-0.625 0.0304978
-0.624023 0.0305524
-0.623047 0.0306468
-0.62207 0.0307731
-0.621094 0.0308648
-0.620117 0.0309363
-0.619141 0.0309955
-0.618164 0.0310451
-0.617188 0.0310874
-0.616211 0.0311231
-0.615234 0.0311532
-0.614258 0.0311781
-0.613281 0.0311984
-0.612305 0.0312141
-0.611328 0.0312258
-0.610352 0.0312337
-0.609375 0.031238
-0.608398 0.0312389
-0.607422 0.0312368
-0.606445 0.0312318
-0.605469 0.031224
-0.604492 0.0312137
-0.603516 0.0312011
-0.602539 0.0311863
-0.601562 0.0311695
-0.600586 0.0311507
-0.599609 0.0311302
-0.598633 0.031108
-0.597656 0.0310843
-0.59668 0.0310591
-0.595703 0.0310327
-0.594727 0.031005
-0.59375 0.0309761
-0.592773 0.0309462
-0.591797 0.0309154
-0.59082 0.0308836
-0.589844 0.030851
-0.588867 0.0308176
-0.587891 0.0307835
-0.586914 0.0307488
-0.585938 0.0307135
-0.584961 0.0306777
-0.583984 0.0306413
-0.583008 0.0306046
-0.582031 0.0305674
-0.581055 0.0305299
-0.580078 0.0304921
-0.579102 0.030454
-0.578125 0.0304156
-0.577148 0.0303771
-0.576172 0.0303384
-0.575195 0.0302995
-0.574219 0.0302605
-0.573242 0.0302214
-0.572266 0.0301823
-0.571289 0.0301431
-0.570312 0.0301039
-0.569336 0.0300647
-0.568359 0.0300256
-0.567383 0.0299864
-0.566406 0.0299473
-0.56543 0.0299083
-0.564453 0.0298693
-0.563477 0.0298305
-0.5625 0.0297918
-0.561523 0.0297531
-0.560547 0.0297146
-0.55957 0.0296763
-0.558594 0.0296381
-0.557617 0.0296001
-0.556641 0.0295622
-0.555664 0.0295245
-0.554688 0.0294869
-0.553711 0.0294496
-0.552734 0.0294124
-0.551758 0.0293755
-0.550781 0.0293387
-0.549805 0.0293021
-0.548828 0.0292658
-0.547852 0.0292296
-0.546875 0.0291937
-0.545898 0.029158
-0.544922 0.0291225
-0.543945 0.0290872
-0.542969 0.0290521
-0.541992 0.0290172
-0.541016 0.0289826
-0.540039 0.0289482
-0.539062 0.028914
-0.538086 0.02888
-0.537109 0.0288463
-0.536133 0.0288127
-0.535156 0.0287794
-0.53418 0.0287463
-0.533203 0.0287134
-0.532227 0.0286808
-0.53125 0.0286484
-0.530273 0.0286161
-0.529297 0.0285841
-0.52832 0.0285524
-0.527344 0.0285208
-0.526367 0.0284894
-0.525391 0.0284583
-0.524414 0.0284274
-0.523438 0.0283967
-0.522461 0.0283662
-0.521484 0.0283359
-0.520508 0.0283058
-0.519531 0.0282759
-0.518555 0.0282462
-0.517578 0.0282168
-0.516602 0.0281875
-0.515625 0.0281584
-0.514648 0.0281296
-0.513672 0.0281009
-0.512695 0.0280725
-0.511719 0.0280442
-0.510742 0.0280161
-0.509766 0.0279883
-0.508789 0.0279606
-0.507812 0.0279331
-0.506836 0.0279059
-0.505859 0.0278788
-0.504883 0.0278519
-0.503906 0.0278252
-0.50293 0.0277987
-0.501953 0.0277724
-0.500977 0.0277462
-0.5 0.0277203
-0.499023 0.0276946
-0.498047 0.027669
-0.49707 0.0276436
-0.496094 0.0276184
-0.495117 0.0275934
-0.494141 0.0275686
-0.493164 0.027544
-0.492188 0.0275195
-0.491211 0.0274952
-0.490234 0.0274712
-0.489258 0.0274473
-0.488281 0.0274235
-0.487305 0.0274
-0.486328 0.0273766
-0.485352 0.0273534
-0.484375 0.0273304
-0.483398 0.0273076
-0.482422 0.027285
-0.481445 0.0272625
-0.480469 0.0272402
-0.479492 0.0272181
-0.478516 0.0271962
-0.477539 0.0271744
-0.476562 0.0271528
-0.475586 0.0271314
-0.474609 0.0271102
-0.473633 0.0270891
-0.472656 0.0270682
-0.47168 0.0270475
-0.470703 0.0270269
-0.469727 0.0270066
-0.46875 0.0269863
-0.467773 0.0269663
-0.466797 0.0269464
-0.46582 0.0269268
-0.464844 0.0269072
-0.463867 0.0268879
-0.462891 0.0268687
-0.461914 0.0268496
-0.460938 0.0268308
-0.459961 0.0268121
-0.458984 0.0267936
-0.458008 0.0267752
-0.457031 0.026757
-0.456055 0.0267389
-0.455078 0.0267211
-0.454102 0.0267034
-0.453125 0.0266858
-0.452148 0.0266684
-0.451172 0.0266512
-0.450195 0.0266341
-0.449219 0.0266172
-0.448242 0.0266004
-0.447266 0.0265838
-0.446289 0.0265673
-0.445312 0.0265511
-0.444336 0.0265349
-0.443359 0.0265189
-0.442383 0.0265031
-0.441406 0.0264874
-0.44043 0.0264719
-0.439453 0.0264565
-0.438477 0.0264412
-0.4375 0.0264262
-0.436523 0.0264112
-0.435547 0.0263964
-0.43457 0.0263818
-0.433594 0.0263673
-0.432617 0.0263529
-0.431641 0.0263387
-0.430664 0.0263246
-0.429688 0.0263107
-0.428711 0.0262969
-0.427734 0.0262833
-0.426758 0.0262697
-0.425781 0.0262564
-0.424805 0.0262431
-0.423828 0.02623
-0.422852 0.026217
-0.421875 0.0262042
-0.420898 0.0261915
-0.419922 0.0261789
-0.418945 0.0261665
-0.417969 0.0261542
-0.416992 0.026142
-0.416016 0.0261299
-0.415039 0.026118
-0.414062 0.0261062
-0.413086 0.0260945
-0.412109 0.0260829
-0.411133 0.0260715
-0.410156 0.0260602
-0.40918 0.026049
-0.408203 0.0260379
-0.407227 0.0260269
-0.40625 0.0260161
-0.405273 0.0260054
-0.404297 0.0259947
-0.40332 0.0259842
-0.402344 0.0259739
-0.401367 0.0259636
-0.400391 0.0259534
-0.399414 0.0259434
-0.398438 0.0259334
-0.397461 0.0259236
-0.396484 0.0259138
-0.395508 0.0259042
-0.394531 0.0258947
-0.393555 0.0258853
-0.392578 0.025876
-0.391602 0.0258668
-0.390625 0.0258577
-0.389648 0.0258486
-0.388672 0.0258397
-0.387695 0.0258309
-0.386719 0.0258222
-0.385742 0.0258136
-0.384766 0.0258051
-0.383789 0.0257967
-0.382812 0.0257884
-0.381836 0.0257801
-0.380859 0.025772
-0.379883 0.025764
-0.378906 0.025756
-0.37793 0.0257482
-0.376953 0.0257404
-0.375977 0.0257328
-0.375 0.0257252
-0.374023 0.0257177
-0.373047 0.0257104
-0.37207 0.0257031
-0.371094 0.0256959
-0.370117 0.0256887
-0.369141 0.0256817
-0.368164 0.0256748
-0.367188 0.0256679
-0.366211 0.0256612
-0.365234 0.0256545
-0.364258 0.0256479
-0.363281 0.0256414
-0.362305 0.025635
-0.361328 0.0256286
-0.360352 0.0256224
-0.359375 0.0256162
-0.358398 0.0256101
-0.357422 0.025604
-0.356445 0.0255981
-0.355469 0.0255922
-0.354492 0.0255863
-0.353516 0.0255806
-0.352539 0.0255749
-0.351562 0.0255693
-0.350586 0.0255637
-0.349609 0.0255582
-0.348633 0.0255528
-0.347656 0.0255475
-0.34668 0.0255421
-0.345703 0.0255369
-0.344727 0.0255317
-0.34375 0.0255266
-0.342773 0.0255215
-0.341797 0.0255165
-0.34082 0.0255115
-0.339844 0.0255066
-0.338867 0.0255017
-0.337891 0.0254969
-0.336914 0.0254921
-0.335938 0.0254874
-0.334961 0.0254827
-0.333984 0.025478
-0.333008 0.0254735
-0.332031 0.0254689
-0.331055 0.0254644
-0.330078 0.02546
-0.329102 0.0254556
-0.328125 0.0254512
-0.327148 0.0254469
-0.326172 0.0254426
-0.325195 0.0254383
-0.324219 0.0254341
-0.323242 0.02543
-0.322266 0.0254258
-0.321289 0.0254218
-0.320312 0.0254177
-0.319336 0.0254137
-0.318359 0.0254098
-0.317383 0.0254058
-0.316406 0.0254019
-0.31543 0.0253981
-0.314453 0.0253943
-0.313477 0.0253905
-0.3125 0.0253867
-0.311523 0.025383
-0.310547 0.0253794
-0.30957 0.0253757
-0.308594 0.0253721
-0.307617 0.0253685
-0.306641 0.025365
-0.305664 0.0253615
-0.304688 0.025358
-0.303711 0.0253546
-0.302734 0.0253512
-0.301758 0.0253478
-0.300781 0.0253445
-0.299805 0.0253412
-0.298828 0.0253379
-0.297852 0.0253346
-0.296875 0.0253314
-0.295898 0.0253282
-0.294922 0.0253251
-0.293945 0.0253219
-0.292969 0.0253188
-0.291992 0.0253158
-0.291016 0.0253127
-0.290039 0.0253097
-0.289062 0.0253067
-0.288086 0.0253037
-0.287109 0.0253008
-0.286133 0.0252979
-0.285156 0.025295
-0.28418 0.0252921
-0.283203 0.0252892
-0.282227 0.0252864
-0.28125 0.0252836
-0.280273 0.0252809
-0.279297 0.0252781
-0.27832 0.0252754
-0.277344 0.0252727
-0.276367 0.02527
-0.275391 0.0252673
-0.274414 0.0252647
-0.273438 0.025262
-0.272461 0.0252594
-0.271484 0.0252568
-0.270508 0.0252542
-0.269531 0.0252517
-0.268555 0.0252492
-0.267578 0.0252466
-0.266602 0.0252441
-0.265625 0.0252416
-0.264648 0.0252392
-0.263672 0.0252367
-0.262695 0.0252343
-0.261719 0.0252318
-0.260742 0.0252294
-0.259766 0.025227
-0.258789 0.0252246
-0.257812 0.0252222
-0.256836 0.0252199
-0.255859 0.0252175
-0.254883 0.0252152
-0.253906 0.0252128
-0.25293 0.0252105
-0.251953 0.0252082
-0.250977 0.0252059
-0.25 0.0252036
-0.249023 0.0252013
-0.248047 0.025199
-0.24707 0.0251967
-0.246094 0.0251945
-0.245117 0.0251922
-0.244141 0.02519
-0.243164 0.0251877
-0.242188 0.0251855
-0.241211 0.0251832
-0.240234 0.025181
-0.239258 0.0251787
-0.238281 0.0251765
-0.237305 0.0251743
-0.236328 0.025172
-0.235352 0.0251698
-0.234375 0.0251676
-0.233398 0.0251654
-0.232422 0.0251631
-0.231445 0.0251609
-0.230469 0.0251587
-0.229492 0.0251565
-0.228516 0.0251542
-0.227539 0.025152
-0.226562 0.0251498
-0.225586 0.0251475
-0.224609 0.0251453
-0.223633 0.025143
-0.222656 0.0251408
-0.22168 0.0251385
-0.220703 0.0251362
-0.219727 0.025134
-0.21875 0.0251317
-0.217773 0.0251294
-0.216797 0.0251271
-0.21582 0.0251248
-0.214844 0.0251225
-0.213867 0.0251202
-0.212891 0.0251178
-0.211914 0.0251155
-0.210938 0.0251131
-0.209961 0.0251107
-0.208984 0.0251084
-0.208008 0.025106
-0.207031 0.0251035
-0.206055 0.0251011
-0.205078 0.0250987
-0.204102 0.0250962
-0.203125 0.0250937
-0.202148 0.0250912
-0.201172 0.0250887
-0.200195 0.0250862
-0.199219 0.0250836
-0.198242 0.0250811
-0.197266 0.0250785
-0.196289 0.0250759
-0.195312 0.0250732
-0.194336 0.0250706
-0.193359 0.0250679
-0.192383 0.0250652
-0.191406 0.0250624
-0.19043 0.0250597
-0.189453 0.0250569
-0.188477 0.0250541
-0.1875 0.0250512
-0.186523 0.0250484
-0.185547 0.0250455
-0.18457 0.0250425
-0.183594 0.0250396
-0.182617 0.0250366
-0.181641 0.0250335
-0.180664 0.0250305
-0.179688 0.0250274
-0.178711 0.0250242
-0.177734 0.0250211
-0.176758 0.0250179
-0.175781 0.0250146
-0.174805 0.0250113
-0.173828 0.025008
-0.172852 0.0250046
-0.171875 0.0250012
-0.170898 0.0249978
-0.169922 0.0249943
-0.168945 0.0249907
-0.167969 0.0249872
-0.166992 0.0249835
-0.166016 0.0249799
-0.165039 0.0249761
-0.164062 0.0249724
-0.163086 0.0249685
-0.162109 0.0249647
-0.161133 0.0249607
-0.160156 0.0249568
-0.15918 0.0249527
-0.158203 0.0249487
-0.157227 0.0249445
-0.15625 0.0249403
-0.155273 0.0249361
-0.154297 0.0249318
-0.15332 0.0249274
-0.152344 0.024923
-0.151367 0.0249185
-0.150391 0.024914
-0.149414 0.0249094
-0.148438 0.0249048
-0.147461 0.0249
-0.146484 0.0248953
-0.145508 0.0248904
-0.144531 0.0248855
-0.143555 0.0248805
-0.142578 0.0248755
-0.141602 0.0248704
-0.140625 0.0248653
-0.139648 0.02486
-0.138672 0.0248548
-0.137695 0.0248494
-0.136719 0.024844
-0.135742 0.0248385
-0.134766 0.024833
-0.133789 0.0248274
-0.132812 0.0248217
-0.131836 0.0248159
-0.130859 0.0248101
-0.129883 0.0248043
-0.128906 0.0247983
-0.12793 0.0247923
-0.126953 0.0247863
-0.125977 0.0247802
-0.125 0.024774
-0.124023 0.0247677
-0.123047 0.0247614
-0.12207 0.024755
-0.121094 0.0247486
-0.120117 0.0247421
-0.119141 0.0247356
-0.118164 0.024729
-0.117188 0.0247223
-0.116211 0.0247156
-0.115234 0.0247088
-0.114258 0.024702
-0.113281 0.0246951
-0.112305 0.0246882
-0.111328 0.0246812
-0.110352 0.0246742
-0.109375 0.0246671
-0.108398 0.0246599
-0.107422 0.0246527
-0.106445 0.0246455
-0.105469 0.0246382
-0.104492 0.0246309
-0.103516 0.0246235
-0.102539 0.024616
-0.101562 0.0246085
-0.100586 0.024601
-0.0996094 0.0245933
-0.0986328 0.0245857
-0.0976562 0.0245779
-0.0966797 0.0245701
-0.0957031 0.0245623
-0.0947266 0.0245543
-0.09375 0.0245463
-0.0927734 0.0245382
-0.0917969 0.02453
-0.0908203 0.0245218
-0.0898438 0.0245134
-0.0888672 0.0245049
-0.0878906 0.0244962
-0.0869141 0.0244875
-0.0859375 0.0244786
-0.0849609 0.0244695
-0.0839844 0.0244602
-0.0830078 0.0244508
-0.0820312 0.0244411
-0.0810547 0.0244312
-0.0800781 0.024421
-0.0791016 0.0244105
-0.078125 0.0243997
-0.0771484 0.0243886
-0.0761719 0.0243771
-0.0751953 0.0243651
-0.0742188 0.0243527
-0.0732422 0.0243398
-0.0722656 0.0243264
-0.0712891 0.0243124
-0.0703125 0.0242977
-0.0693359 0.0242823
-0.0683594 0.0242662
-0.0673828 0.0242492
-0.0664062 0.0242313
-0.0654297 0.0242124
-0.0644531 0.0241924
-0.0634766 0.0241713
-0.0625 0.024149
-0.0615234 0.0241252
-0.0605469 0.0241
-0.0595703 0.0240733
-0.0585938 0.0240448
-0.0576172 0.0240145
-0.0566406 0.0239821
-0.0556641 0.0239477
-0.0546875 0.0239109
-0.0537109 0.0238715
-0.0527344 0.0238295
-0.0517578 0.0237846
-0.0507812 0.0237365
-0.0498047 0.023685
-0.0488281 0.0236299
-0.0478516 0.0235708
-0.046875 0.0235075
-0.0458984 0.0234396
-0.0449219 0.0233667
-0.0439453 0.0232885
-0.0429688 0.0232045
-0.0419922 0.0231143
-0.0410156 0.0230171
-0.0400391 0.0229123
-0.0390625 0.0227989
-0.0380859 0.0226757
-0.0371094 0.0225408
-0.0361328 0.0223916
-0.0351562 0.0222235
-0.0341797 0.0220255
-0.0332031 0.0217658
-0.0322266 0.0214706
-0.03125 0.0212102
-0.0302734 0.0209655
-0.0292969 0.0207143
-0.0283203 0.0204511
-0.0273438 0.0201878
-0.0263672 0.0199469
-0.0253906 0.0197478
-0.0244141 0.0195952
-0.0234375 0.0194756
-0.0224609 0.0193628
-0.0214844 0.0192314
-0.0205078 0.0190704
-0.0195312 0.0188906
-0.0185547 0.0187224
-0.0175781 0.0186034
-0.0166016 0.0185641
-0.015625 0.0186153
-0.0146484 0.018747
-0.0136719 0.0189347
-0.0126953 0.0191533
-0.0117188 0.0193884
-0.0107422 0.019641
-0.00976562 0.0199224
-0.00878906 0.0202421
-0.0078125 0.0205927
-0.00683594 0.0209104
-0.00585938 0.0211499
-0.00488281 0.0213445
-0.00390625 0.0215068
-0.00292969 0.0216421
-0.00195312 0.0217557
-0.000976562 0.0218522
0 0.0219373
