# ---$x/\lambda_\mathrm{l}$---	---$z/\lambda_\mathrm{l}$---
0 0.0219373
0.000976562 0.0220149
0.00195312 0.0220863
0.00292969 0.0221495
0.00390625 0.0222024
0.00488281 0.0222413
0.00585938 0.0222616
0.00683594 0.0222456
0.0078125 0.0221451
0.00878906 0.0220486
0.00976562 0.0220089
0.0107422 0.0220347
0.0117188 0.0221121
0.0126953 0.0222138
0.0136719 0.0223138
0.0146484 0.0223978
0.015625 0.0224691
0.0166016 0.0225443
0.0175781 0.022645
0.0185547 0.0227761
0.0195312 0.0228851
0.0205078 0.0229817
0.0214844 0.0230693
0.0224609 0.0231473
0.0234375 0.0232162
0.0244141 0.0232757
0.0253906 0.0233262
0.0263672 0.0233681
0.0273438 0.0234017
0.0283203 0.0234272
0.0292969 0.023445
0.0302734 0.023455
0.03125 0.0234567
0.0322266 0.0234496
0.0332031 0.0234325
0.0341797 0.0234043
0.0351562 0.0233639
0.0361328 0.0233112
0.0371094 0.0232428
0.0380859 0.0231443
0.0390625 0.0230769
0.0400391 0.0230522
0.0410156 0.0230702
0.0419922 0.0231247
0.0429688 0.0231916
0.0439453 0.0232484
0.0449219 0.0233058
0.0458984 0.0233593
0.046875 0.0234094
0.0478516 0.0234572
0.0488281 0.0235011
0.0498047 0.0235406
0.0507812 0.0235757
0.0517578 0.0236062
0.0527344 0.0236319
0.0537109 0.023653
0.0546875 0.0236697
0.0556641 0.0236824
0.0566406 0.0236918
0.0576172 0.023699
0.0585938 0.0237057
0.0595703 0.0237151
0.0605469 0.0237293
0.0615234 0.0237489
0.0625 0.0237726
0.0634766 0.0237989
0.0644531 0.0238272
0.0654297 0.0238571
0.0664062 0.0238883
0.0673828 0.0239204
0.0683594 0.0239534
0.0693359 0.023987
0.0703125 0.0240212
0.0712891 0.0240558
0.0722656 0.0240909
0.0732422 0.0241264
0.0742188 0.0241619
0.0751953 0.0241975
0.0761719 0.0242328
0.0771484 0.0242674
0.078125 0.0243011
0.0791016 0.0243336
0.0800781 0.0243645
0.0810547 0.0243938
0.0820312 0.0244211
0.0830078 0.0244466
0.0839844 0.02447
0.0849609 0.0244914
0.0859375 0.0245109
0.0869141 0.0245285
0.0878906 0.0245445
0.0888672 0.024559
0.0898438 0.0245722
0.0908203 0.0245845
0.0917969 0.0245963
0.0927734 0.0246077
0.09375 0.0246191
0.0947266 0.0246304
0.0957031 0.0246415
0.0966797 0.0246523
0.0976562 0.0246623
0.0986328 0.0246715
0.0996094 0.0246798
0.100586 0.024687
0.101562 0.0246931
0.102539 0.0246981
0.103516 0.0247022
0.104492 0.0247052
0.105469 0.0247073
0.106445 0.0247085
0.107422 0.0247089
0.108398 0.0247085
0.109375 0.0247075
0.110352 0.024706
0.111328 0.024704
0.112305 0.0247016
0.113281 0.024699
0.114258 0.0246962
0.115234 0.0246933
0.116211 0.0246902
0.117188 0.0246869
0.118164 0.0246833
0.119141 0.024679
0.120117 0.0246737
0.121094 0.0246668
0.12207 0.0246575
0.123047 0.0246444
0.124023 0.024626
0.125 0.0245981
0.125977 0.0245556
0.126953 0.0244749
0.12793 0.0243028
0.128906 0.0241906
0.129883 0.0241529
0.130859 0.0241763
0.131836 0.0242412
0.132812 0.0243252
0.133789 0.0244111
0.134766 0.0244879
0.135742 0.0245519
0.136719 0.0245943
0.137695 0.0246237
0.138672 0.0246452
0.139648 0.0246611
0.140625 0.0246718
0.141602 0.0246774
0.142578 0.0246772
0.143555 0.0246707
0.144531 0.0246577
0.145508 0.0246385
0.146484 0.0246158
0.147461 0.0245919
0.148438 0.0245673
0.149414 0.0245389
0.150391 0.0245005
0.151367 0.0244426
0.152344 0.0243472
0.15332 0.0242166
0.154297 0.0240749
0.155273 0.0239377
0.15625 0.0238159
0.157227 0.0237125
0.158203 0.0236218
0.15918 0.023532
0.160156 0.0234305
0.161133 0.023309
0.162109 0.0231656
0.163086 0.0230039
0.164062 0.0228291
0.165039 0.022644
0.166016 0.0224476
0.166992 0.0222356
0.167969 0.0220034
0.168945 0.021749
0.169922 0.021474
0.170898 0.0211828
0.171875 0.020881
0.172852 0.0205743
0.173828 0.0202697
0.174805 0.0199785
0.175781 0.0197179
0.176758 0.0195108
0.177734 0.01938
0.178711 0.01934
0.179688 0.0193886
0.180664 0.0195044
0.181641 0.019651
0.182617 0.0197885
0.183594 0.0198879
0.18457 0.0199401
0.185547 0.0199574
0.186523 0.0199641
0.1875 0.019982
0.188477 0.0200176
0.189453 0.0200573
0.19043 0.0200753
0.191406 0.0200496
0.192383 0.0199779
0.193359 0.0198859
0.194336 0.0198209
0.195312 0.0198333
0.196289 0.0199532
0.197266 0.020174
0.198242 0.0204513
0.199219 0.0207182
0.200195 0.0209128
0.201172 0.0210025
0.202148 0.0209973
0.203125 0.0209423
0.204102 0.0208953
0.205078 0.0208985
0.206055 0.0209589
0.207031 0.0210451
0.208008 0.0211049
0.208984 0.0210925
0.209961 0.0209944
0.210938 0.0208411
0.211914 0.0206982
0.212891 0.0206426
0.213867 0.0207322
0.214844 0.0209843
0.21582 0.0213711
0.216797 0.0218328
0.217773 0.0223017
0.21875 0.0227271
0.219727 0.0230885
0.220703 0.023395
0.22168 0.0236724
0.222656 0.023946
0.223633 0.0242286
0.224609 0.0245173
0.225586 0.0248011
0.226562 0.0250716
0.227539 0.0253319
0.228516 0.0255972
0.229492 0.0258882
0.230469 0.0262195
0.231445 0.0265908
0.232422 0.0269832
0.233398 0.0273646
0.234375 0.0276997
0.235352 0.0279615
0.236328 0.028138
0.237305 0.0282337
0.238281 0.0282645
0.239258 0.0282514
0.240234 0.0282139
0.241211 0.0281668
0.242188 0.0281199
0.243164 0.0280795
0.244141 0.0280503
0.245117 0.0280358
0.246094 0.0280381
0.24707 0.0280583
0.248047 0.0280963
0.249023 0.0281522
0.25 0.0282267
0.250977 0.0283206
0.251953 0.0284329
0.25293 0.0285584
0.253906 0.0286872
0.254883 0.0288069
0.255859 0.0289069
0.256836 0.0289847
0.257812 0.0290496
0.258789 0.0291211
0.259766 0.029222
0.260742 0.0293684
0.261719 0.0295597
0.262695 0.029774
0.263672 0.0299725
0.264648 0.0301105
0.265625 0.0301586
0.266602 0.0301075
0.267578 0.0299731
0.268555 0.0297992
0.269531 0.0296389
0.270508 0.0295365
0.271484 0.0295125
0.272461 0.029558
0.273438 0.0296389
0.274414 0.0297103
0.275391 0.0297331
0.276367 0.0296891
0.277344 0.0295871
0.27832 0.0294601
0.279297 0.0293546
0.280273 0.0293163
0.28125 0.0293771
0.282227 0.0295483
0.283203 0.0298197
0.28418 0.0301642
0.285156 0.0305457
0.286133 0.0309208
0.287109 0.0312084
0.288086 0.0314196
0.289062 0.0315855
0.290039 0.0317149
0.291016 0.0318096
0.291992 0.0318624
0.292969 0.0318489
0.293945 0.0317162
0.294922 0.0315866
0.295898 0.0315212
0.296875 0.0315637
0.297852 0.0317353
0.298828 0.0320271
0.299805 0.0323901
0.300781 0.0326413
0.301758 0.0327822
0.302734 0.0328766
0.303711 0.0329438
0.304688 0.0329927
0.305664 0.0330276
0.306641 0.0330519
0.307617 0.0330673
0.308594 0.0330755
0.30957 0.0330773
0.310547 0.0330738
0.311523 0.0330655
0.3125 0.0330529
0.313477 0.0330365
0.314453 0.0330166
0.31543 0.0329935
0.316406 0.0329675
0.317383 0.0329388
0.318359 0.0329076
0.319336 0.0328742
0.320312 0.0328386
0.321289 0.0328011
0.322266 0.0327617
0.323242 0.0327207
0.324219 0.0326781
0.325195 0.032634
0.326172 0.0325886
0.327148 0.032542
0.328125 0.0324942
0.329102 0.0324454
0.330078 0.0323957
0.331055 0.032345
0.332031 0.0322937
0.333008 0.0322416
0.333984 0.0321888
0.334961 0.0321355
0.335938 0.0320818
0.336914 0.0320276
0.337891 0.031973
0.338867 0.0319182
0.339844 0.0318631
0.34082 0.0318078
0.341797 0.0317524
0.342773 0.0316969
0.34375 0.0316413
0.344727 0.0315858
0.345703 0.0315303
0.34668 0.0314749
0.347656 0.0314196
0.348633 0.0313645
0.349609 0.0313096
0.350586 0.031255
0.351562 0.0312005
0.352539 0.0311464
0.353516 0.0310926
0.354492 0.0310392
0.355469 0.0309861
0.356445 0.0309335
0.357422 0.0308812
0.358398 0.0308294
0.359375 0.030778
0.360352 0.0307271
0.361328 0.0306767
0.362305 0.0306268
0.363281 0.0305774
0.364258 0.0305286
0.365234 0.0304803
0.366211 0.0304325
0.367188 0.0303853
0.368164 0.0303386
0.369141 0.0302926
0.370117 0.0302471
0.371094 0.0302022
0.37207 0.0301579
0.373047 0.0301142
0.374023 0.0300711
0.375 0.0300285
0.375977 0.0299866
0.376953 0.0299453
0.37793 0.0299046
0.378906 0.0298645
0.379883 0.0298249
0.380859 0.029786
0.381836 0.0297477
0.382812 0.0297099
0.383789 0.0296728
0.384766 0.0296362
0.385742 0.0296002
0.386719 0.0295648
0.387695 0.0295299
0.388672 0.0294956
0.389648 0.0294619
0.390625 0.0294287
0.391602 0.0293961
0.392578 0.029364
0.393555 0.0293324
0.394531 0.0293014
0.395508 0.0292709
0.396484 0.0292409
0.397461 0.0292114
0.398438 0.0291824
0.399414 0.0291538
0.400391 0.0291258
0.401367 0.0290982
0.402344 0.0290711
0.40332 0.0290445
0.404297 0.0290183
0.405273 0.0289925
0.40625 0.0289672
0.407227 0.0289423
0.408203 0.0289178
0.40918 0.0288937
0.410156 0.02887
0.411133 0.0288467
0.412109 0.0288238
0.413086 0.0288012
0.414062 0.028779
0.415039 0.0287572
0.416016 0.0287357
0.416992 0.0287146
0.417969 0.0286938
0.418945 0.0286733
0.419922 0.0286532
0.420898 0.0286333
0.421875 0.0286138
0.422852 0.0285945
0.423828 0.0285755
0.424805 0.0285569
0.425781 0.0285384
0.426758 0.0285203
0.427734 0.0285024
0.428711 0.0284848
0.429688 0.0284674
0.430664 0.0284502
0.431641 0.0284333
0.432617 0.0284166
0.433594 0.0284001
0.43457 0.0283838
0.435547 0.0283677
0.436523 0.0283518
0.4375 0.0283361
0.438477 0.0283206
0.439453 0.0283053
0.44043 0.0282901
0.441406 0.0282751
0.442383 0.0282602
0.443359 0.0282455
0.444336 0.028231
0.445312 0.0282165
0.446289 0.0282022
0.447266 0.028188
0.448242 0.028174
0.449219 0.02816
0.450195 0.0281461
0.451172 0.0281324
0.452148 0.0281187
0.453125 0.0281051
0.454102 0.0280916
0.455078 0.0280782
0.456055 0.0280648
0.457031 0.0280515
0.458008 0.0280382
0.458984 0.028025
0.459961 0.0280119
0.460938 0.0279988
0.461914 0.0279857
0.462891 0.0279727
0.463867 0.0279597
0.464844 0.0279468
0.46582 0.0279338
0.466797 0.0279209
0.467773 0.027908
0.46875 0.0278952
0.469727 0.0278823
0.470703 0.0278695
0.47168 0.0278566
0.472656 0.0278438
0.473633 0.027831
0.474609 0.0278182
0.475586 0.0278054
0.476562 0.0277926
0.477539 0.0277798
0.478516 0.027767
0.479492 0.0277542
0.480469 0.0277414
0.481445 0.0277286
0.482422 0.0277158
0.483398 0.027703
0.484375 0.0276902
0.485352 0.0276774
0.486328 0.0276646
0.487305 0.0276518
0.488281 0.027639
0.489258 0.0276262
0.490234 0.0276134
0.491211 0.0276007
0.492188 0.0275879
0.493164 0.0275751
0.494141 0.0275623
0.495117 0.0275495
0.496094 0.0275367
0.49707 0.0275239
0.498047 0.0275112
0.499023 0.0274984
0.5 0.0274856
0.500977 0.0274729
0.501953 0.0274602
0.50293 0.0274474
0.503906 0.0274347
0.504883 0.027422
0.505859 0.0274093
0.506836 0.0273967
0.507812 0.027384
0.508789 0.0273714
0.509766 0.0273587
0.510742 0.0273461
0.511719 0.0273335
0.512695 0.027321
0.513672 0.0273084
0.514648 0.0272959
0.515625 0.0272834
0.516602 0.027271
0.517578 0.0272585
0.518555 0.0272461
0.519531 0.0272337
0.520508 0.0272213
0.521484 0.027209
0.522461 0.0271967
0.523438 0.0271844
0.524414 0.0271722
0.525391 0.02716
0.526367 0.0271478
0.527344 0.0271357
0.52832 0.0271236
0.529297 0.0271115
0.530273 0.0270995
0.53125 0.0270875
0.532227 0.0270755
0.533203 0.0270636
0.53418 0.0270517
0.535156 0.0270399
0.536133 0.0270281
0.537109 0.0270163
0.538086 0.0270046
0.539062 0.0269929
0.540039 0.0269813
0.541016 0.0269697
0.541992 0.0269582
0.542969 0.0269467
0.543945 0.0269353
0.544922 0.0269239
0.545898 0.0269125
0.546875 0.0269012
0.547852 0.0268899
0.548828 0.0268787
0.549805 0.0268675
0.550781 0.0268564
0.551758 0.0268453
0.552734 0.0268343
0.553711 0.0268233
0.554688 0.0268124
0.555664 0.0268015
0.556641 0.0267907
0.557617 0.0267799
0.558594 0.0267692
0.55957 0.0267585
0.560547 0.0267479
0.561523 0.0267373
0.5625 0.0267268
0.563477 0.0267163
0.564453 0.0267059
0.56543 0.0266955
0.566406 0.0266852
0.567383 0.0266749
0.568359 0.0266647
0.569336 0.0266545
0.570312 0.0266444
0.571289 0.0266344
0.572266 0.0266243
0.573242 0.0266144
0.574219 0.0266044
0.575195 0.0265946
0.576172 0.0265848
0.577148 0.026575
0.578125 0.0265653
0.579102 0.0265556
0.580078 0.026546
0.581055 0.0265364
0.582031 0.0265269
0.583008 0.0265174
0.583984 0.026508
0.584961 0.0264986
0.585938 0.0264893
0.586914 0.02648
0.587891 0.0264708
0.588867 0.0264616
0.589844 0.0264525
0.59082 0.0264434
0.591797 0.0264343
0.592773 0.0264253
0.59375 0.0264164
0.594727 0.0264075
0.595703 0.0263986
0.59668 0.0263898
0.597656 0.026381
0.598633 0.0263723
0.599609 0.0263636
0.600586 0.026355
0.601562 0.0263464
0.602539 0.0263378
0.603516 0.0263293
0.604492 0.0263209
0.605469 0.0263124
0.606445 0.026304
0.607422 0.0262957
0.608398 0.0262874
0.609375 0.0262791
0.610352 0.0262709
0.611328 0.0262627
0.612305 0.0262546
0.613281 0.0262465
0.614258 0.0262384
0.615234 0.0262304
0.616211 0.0262224
0.617188 0.0262144
0.618164 0.0262065
0.619141 0.0261986
0.620117 0.0261908
0.621094 0.026183
0.62207 0.0261752
0.623047 0.0261674
0.624023 0.0261597
0.625 0.0261521
0.625977 0.0261444
0.626953 0.0261368
0.62793 0.0261293
0.628906 0.0261217
0.629883 0.0261142
0.630859 0.0261067
0.631836 0.0260993
0.632812 0.0260919
0.633789 0.0260845
0.634766 0.0260772
0.635742 0.0260699
0.636719 0.0260626
0.637695 0.0260553
0.638672 0.0260481
0.639648 0.0260409
0.640625 0.0260337
0.641602 0.0260266
0.642578 0.0260195
0.643555 0.0260124
0.644531 0.0260053
0.645508 0.0259983
0.646484 0.0259913
0.647461 0.0259843
0.648438 0.0259774
0.649414 0.0259705
0.650391 0.0259636
0.651367 0.0259567
0.652344 0.0259499
0.65332 0.0259431
0.654297 0.0259363
0.655273 0.0259295
0.65625 0.0259228
0.657227 0.025916
0.658203 0.0259093
0.65918 0.0259027
0.660156 0.025896
0.661133 0.0258894
0.662109 0.0258828
0.663086 0.0258762
0.664062 0.0258697
0.665039 0.0258631
0.666016 0.0258566
0.666992 0.0258501
0.667969 0.0258437
0.668945 0.0258372
0.669922 0.0258308
0.670898 0.0258244
0.671875 0.025818
0.672852 0.0258116
0.673828 0.0258053
0.674805 0.0257989
0.675781 0.0257926
0.676758 0.0257863
0.677734 0.0257801
0.678711 0.0257738
0.679688 0.0257676
0.680664 0.0257614
0.681641 0.0257552
0.682617 0.025749
0.683594 0.0257428
0.68457 0.0257367
0.685547 0.0257305
0.686523 0.0257244
0.6875 0.0257183
0.688477 0.0257122
0.689453 0.0257062
0.69043 0.0257001
0.691406 0.0256941
0.692383 0.0256881
0.693359 0.025682
0.694336 0.0256761
0.695312 0.0256701
0.696289 0.0256641
0.697266 0.0256582
0.698242 0.0256522
0.699219 0.0256463
0.700195 0.0256404
0.701172 0.0256345
0.702148 0.0256286
0.703125 0.0256227
0.704102 0.0256169
0.705078 0.025611
0.706055 0.0256052
0.707031 0.0255993
0.708008 0.0255935
0.708984 0.0255877
0.709961 0.0255819
0.710938 0.0255761
0.711914 0.0255703
0.712891 0.0255646
0.713867 0.0255588
0.714844 0.025553
0.71582 0.0255473
0.716797 0.0255415
0.717773 0.0255358
0.71875 0.0255301
0.719727 0.0255244
0.720703 0.0255186
0.72168 0.0255129
0.722656 0.0255072
0.723633 0.0255015
0.724609 0.0254958
0.725586 0.0254902
0.726562 0.0254845
0.727539 0.0254788
0.728516 0.0254731
0.729492 0.0254675
0.730469 0.0254618
0.731445 0.0254561
0.732422 0.0254505
0.733398 0.0254448
0.734375 0.0254391
0.735352 0.0254335
0.736328 0.0254278
0.737305 0.0254222
0.738281 0.0254165
0.739258 0.0254108
0.740234 0.0254052
0.741211 0.0253995
0.742188 0.0253939
0.743164 0.0253882
0.744141 0.0253825
0.745117 0.0253769
0.746094 0.0253712
0.74707 0.0253655
0.748047 0.0253599
0.749023 0.0253542
0.75 0.0253485
0.750977 0.0253428
0.751953 0.0253371
0.75293 0.0253314
0.753906 0.0253257
0.754883 0.02532
0.755859 0.0253143
0.756836 0.0253086
0.757812 0.0253029
0.758789 0.0252971
0.759766 0.0252914
0.760742 0.0252856
0.761719 0.0252799
0.762695 0.0252741
0.763672 0.0252683
0.764648 0.0252626
0.765625 0.0252568
0.766602 0.025251
0.767578 0.0252452
0.768555 0.0252394
0.769531 0.0252335
0.770508 0.0252277
0.771484 0.0252218
0.772461 0.025216
0.773438 0.0252101
0.774414 0.0252042
0.775391 0.0251983
0.776367 0.0251924
0.777344 0.0251865
0.77832 0.0251806
0.779297 0.0251746
0.780273 0.0251686
0.78125 0.0251627
0.782227 0.0251567
0.783203 0.0251506
0.78418 0.0251446
0.785156 0.0251385
0.786133 0.0251325
0.787109 0.0251264
0.788086 0.0251203
0.789062 0.0251141
0.790039 0.025108
0.791016 0.0251018
0.791992 0.0250956
0.792969 0.0250893
0.793945 0.025083
0.794922 0.0250767
0.795898 0.0250704
0.796875 0.025064
0.797852 0.0250576
0.798828 0.0250512
0.799805 0.0250447
0.800781 0.0250382
0.801758 0.0250316
0.802734 0.025025
0.803711 0.0250184
0.804688 0.0250117
0.805664 0.0250049
0.806641 0.0249981
0.807617 0.0249913
0.808594 0.0249844
0.80957 0.0249775
0.810547 0.0249705
0.811523 0.0249634
0.8125 0.0249563
0.813477 0.0249492
0.814453 0.0249419
0.81543 0.0249346
0.816406 0.0249271
0.817383 0.0249196
0.818359 0.0249118
0.819336 0.0249039
0.820312 0.0248957
0.821289 0.0248872
0.822266 0.0248783
0.823242 0.024869
0.824219 0.0248592
0.825195 0.0248486
0.826172 0.0248373
0.827148 0.0248249
0.828125 0.0248111
0.829102 0.0247955
0.830078 0.0247775
0.831055 0.0247559
0.832031 0.0247295
0.833008 0.024697
0.833984 0.0246585
0.834961 0.0246246
0.835938 0.0246045
0.836914 0.0245988
0.837891 0.0246022
0.838867 0.0246062
0.839844 0.0246061
0.84082 0.0246016
0.841797 0.0245919
0.842773 0.024572
0.84375 0.0245272
0.844727 0.0245118
0.845703 0.0245408
0.84668 0.0245901
0.847656 0.0246086
0.848633 0.0246149
0.849609 0.0246162
0.850586 0.0246132
0.851562 0.0246072
0.852539 0.0245982
0.853516 0.0245865
0.854492 0.0245719
0.855469 0.0245546
0.856445 0.024534
0.857422 0.0245101
0.858398 0.0244823
0.859375 0.0244501
0.860352 0.0244126
0.861328 0.0243692
0.862305 0.0243189
0.863281 0.0242612
0.864258 0.0241953
0.865234 0.0241173
0.866211 0.0240125
0.867188 0.0238848
0.868164 0.0237838
0.869141 0.023719
0.870117 0.0236918
0.871094 0.0236983
0.87207 0.0237032
0.873047 0.0236783
0.874023 0.0236366
0.875 0.0235799
0.875977 0.0235039
0.876953 0.0234012
0.87793 0.0232578
0.878906 0.023035
0.879883 0.0226845
0.880859 0.022348
0.881836 0.0220857
0.882812 0.0219229
0.883789 0.0218499
0.884766 0.0218249
0.885742 0.0217918
0.886719 0.0217032
0.887695 0.0215406
0.888672 0.0213215
0.889648 0.0210916
0.890625 0.0209043
0.891602 0.0207968
0.892578 0.0207741
0.893555 0.0208088
0.894531 0.0208548
0.895508 0.020871
0.896484 0.0208418
0.897461 0.0207856
0.898438 0.0207482
0.899414 0.0207832
0.900391 0.02093
0.901367 0.0211989
0.902344 0.0215701
0.90332 0.0220052
0.904297 0.0224652
0.905273 0.0229003
0.90625 0.0231982
0.907227 0.023427
0.908203 0.0236164
0.90918 0.0237762
0.910156 0.0239143
0.911133 0.0240347
0.912109 0.024141
0.913086 0.0242354
0.914062 0.02432
0.915039 0.0243958
0.916016 0.0244643
0.916992 0.0245262
0.917969 0.0245824
0.918945 0.0246333
0.919922 0.0246797
0.920898 0.0247218
0.921875 0.0247601
0.922852 0.0247949
0.923828 0.0248266
0.924805 0.0248552
0.925781 0.0248811
0.926758 0.0249043
0.927734 0.0249252
0.928711 0.0249438
0.929688 0.0249603
0.930664 0.0249746
0.931641 0.0249871
0.932617 0.0249977
0.933594 0.0250065
0.93457 0.0250135
0.935547 0.0250189
0.936523 0.0250226
0.9375 0.0250248
0.938477 0.0250254
0.939453 0.0250244
0.94043 0.0250219
0.941406 0.0250178
0.942383 0.0250122
0.943359 0.025005
0.944336 0.0249962
0.945312 0.0249857
0.946289 0.0249735
0.947266 0.0249596
0.948242 0.0249437
0.949219 0.0249259
0.950195 0.024906
0.951172 0.0248839
0.952148 0.0248595
0.953125 0.0248328
0.954102 0.0248038
0.955078 0.0247728
0.956055 0.0247406
0.957031 0.0247089
0.958008 0.0246813
0.958984 0.0246615
0.959961 0.0246514
0.960938 0.0246502
0.961914 0.0246551
0.962891 0.0246637
0.963867 0.0246741
0.964844 0.0246854
0.96582 0.0246968
0.966797 0.0247079
0.967773 0.0247188
0.96875 0.0247293
0.969727 0.0247394
0.970703 0.024749
0.97168 0.0247579
0.972656 0.0247661
0.973633 0.0247735
0.974609 0.0247802
0.975586 0.0247861
0.976562 0.0247913
0.977539 0.0247958
0.978516 0.0247996
0.979492 0.0248028
0.980469 0.0248053
0.981445 0.0248073
0.982422 0.0248087
0.983398 0.0248095
0.984375 0.0248098
0.985352 0.0248096
0.986328 0.0248089
0.987305 0.0248076
0.988281 0.0248058
0.989258 0.0248034
0.990234 0.0248005
0.991211 0.0247971
0.992188 0.0247931
0.993164 0.0247885
0.994141 0.0247834
0.995117 0.0247776
0.996094 0.0247712
0.99707 0.0247641
0.998047 0.0247564
0.999023 0.0247479
1 0.0247387
1.00098 0.0247288
1.00195 0.024718
1.00293 0.0247064
1.00391 0.0246939
1.00488 0.0246804
1.00586 0.0246659
1.00684 0.0246504
1.00781 0.0246338
1.00879 0.024616
1.00977 0.024597
1.01074 0.0245766
1.01172 0.0245548
1.0127 0.0245316
1.01367 0.0245067
1.01465 0.0244802
1.01562 0.0244519
1.0166 0.0244217
1.01758 0.0243896
1.01855 0.0243553
1.01953 0.0243187
1.02051 0.0242796
1.02148 0.024238
1.02246 0.0241936
1.02344 0.024146
1.02441 0.0240951
1.02539 0.0240404
1.02637 0.0239814
1.02734 0.0239176
1.02832 0.0238482
1.0293 0.0237726
1.03027 0.0236897
1.03125 0.0235985
1.03223 0.0234979
1.0332 0.0233862
1.03418 0.0232622
1.03516 0.0231239
1.03613 0.0229694
1.03711 0.0227898
1.03809 0.02256
1.03906 0.0223964
1.04004 0.0223301
1.04102 0.0223363
1.04199 0.0223878
1.04297 0.0224666
1.04395 0.0225647
1.04492 0.0226783
1.0459 0.0227974
1.04688 0.0228871
1.04785 0.0229539
1.04883 0.022998
1.0498 0.0230153
1.05078 0.0229932
1.05176 0.0229294
1.05273 0.0228646
1.05371 0.0228176
1.05469 0.0227926
1.05566 0.0227821
1.05664 0.0227746
1.05762 0.0227617
1.05859 0.0227448
1.05957 0.0227338
1.06055 0.0227416
1.06152 0.0227758
1.0625 0.0228339
1.06348 0.0229036
1.06445 0.0229682
1.06543 0.023014
1.06641 0.0230351
1.06738 0.0230337
1.06836 0.0230148
1.06934 0.0229801
1.07031 0.0229242
1.07129 0.0228391
1.07227 0.0227193
1.07324 0.0225668
1.07422 0.0223938
1.0752 0.022221
1.07617 0.0220774
1.07715 0.0219828
1.07812 0.02194
1.0791 0.0219342
1.08008 0.0219385
1.08105 0.0219252
1.08203 0.0218757
1.08301 0.0217872
1.08398 0.0216708
1.08496 0.0215444
1.08594 0.0214248
1.08691 0.0213217
1.08789 0.021237
1.08887 0.0211687
1.08984 0.0211159
1.09082 0.0210812
1.0918 0.0210696
1.09277 0.0210834
1.09375 0.0211181
1.09473 0.0211596
1.0957 0.0211878
1.09668 0.0211827
1.09766 0.0211323
1.09863 0.0210365
1.09961 0.0209063
1.10059 0.0207586
1.10156 0.0206082
1.10254 0.0204634
1.10352 0.0203242
1.10449 0.0201865
1.10547 0.0200474
1.10645 0.0199111
1.10742 0.0197892
1.1084 0.0196987
1.10938 0.0196563
1.11035 0.0196733
1.11133 0.0197529
1.1123 0.0198909
1.11328 0.020078
1.11426 0.0203027
1.11523 0.0205526
1.11621 0.0208132
1.11719 0.021068
1.11816 0.0212981
1.11914 0.0214857
1.12012 0.0216186
1.12109 0.0216955
1.12207 0.0217276
1.12305 0.0217369
1.12402 0.0217499
1.125 0.02179
1.12598 0.0218716
1.12695 0.0219976
1.12793 0.0221613
1.12891 0.0223512
1.12988 0.0225558
1.13086 0.0227658
1.13184 0.0229739
1.13281 0.0231719
1.13379 0.0233484
1.13477 0.0234896
1.13574 0.0235814
1.13672 0.0236153
1.1377 0.0235927
1.13867 0.0235263
1.13965 0.0234382
1.14062 0.0233542
1.1416 0.0232976
1.14258 0.0232831
1.14355 0.0233144
1.14453 0.0233845
1.14551 0.0234777
1.14648 0.0235743
1.14746 0.0236535
1.14844 0.0236974
1.14941 0.0236946
1.15039 0.0236423
1.15137 0.0235478
1.15234 0.0234271
1.15332 0.023301
1.1543 0.0231887
1.15527 0.0231015
1.15625 0.0230393
1.15723 0.0229917
1.1582 0.0229437
1.15918 0.0228853
1.16016 0.0228184
1.16113 0.0227597
1.16211 0.0227364
1.16309 0.0227763
1.16406 0.0228958
1.16504 0.0230927
1.16602 0.0233454
1.16699 0.0236212
1.16797 0.0238882
1.16895 0.0241278
1.16992 0.0243398
1.1709 0.0245399
1.17188 0.0247493
1.17285 0.0249804
1.17383 0.0252116
1.1748 0.0254081
1.17578 0.0255812
1.17676 0.0257306
1.17773 0.0258563
1.17871 0.0259586
1.17969 0.0260377
1.18066 0.0260975
1.18164 0.0261549
1.18262 0.0262289
1.18359 0.0263262
1.18457 0.0264434
1.18555 0.0265724
1.18652 0.026704
1.1875 0.0268321
1.18848 0.0269547
1.18945 0.027074
1.19043 0.0271945
1.19141 0.0273199
1.19238 0.0274497
1.19336 0.027574
1.19434 0.0276815
1.19531 0.0277712
1.19629 0.027844
1.19727 0.0279005
1.19824 0.0279408
1.19922 0.0279639
1.2002 0.0279677
1.20117 0.0279483
1.20215 0.0278968
1.20312 0.0277888
1.2041 0.0276381
1.20508 0.0275206
1.20605 0.027439
1.20703 0.0273885
1.20801 0.027372
1.20898 0.0274012
1.20996 0.0274941
1.21094 0.0276641
1.21191 0.0279109
1.21289 0.0282061
1.21387 0.0284204
1.21484 0.0285725
1.21582 0.0286913
1.2168 0.0287866
1.21777 0.0288645
1.21875 0.0289282
1.21973 0.0289802
1.2207 0.0290222
1.22168 0.0290559
1.22266 0.0290823
1.22363 0.0291026
1.22461 0.0291176
1.22559 0.0291282
1.22656 0.0291346
1.22754 0.0291371
1.22852 0.0291357
1.22949 0.0291303
1.23047 0.0291208
1.23145 0.0291071
1.23242 0.0290892
1.2334 0.0290671
1.23438 0.0290411
1.23535 0.0290114
1.23633 0.0289783
1.2373 0.0289421
1.23828 0.0289028
1.23926 0.0288606
1.24023 0.0288153
1.24121 0.0287667
1.24219 0.0287143
1.24316 0.0286574
1.24414 0.0285953
1.24512 0.0285272
1.24609 0.0284522
1.24707 0.0283694
1.24805 0.0282776
1.24902 0.0281763
1.25 0.0280638
1.25098 0.027939
1.25195 0.0277976
1.25293 0.0276272
1.25391 0.0274422
1.25488 0.0272544
1.25586 0.0270622
1.25684 0.0268692
1.25781 0.0266835
1.25879 0.0265131
1.25977 0.0263599
1.26074 0.0262181
1.26172 0.0260765
1.2627 0.0259255
1.26367 0.0257658
1.26465 0.0256124
1.26562 0.0254923
1.2666 0.0254357
1.26758 0.0254633
1.26855 0.0255768
1.26953 0.0257576
1.27051 0.0259734
1.27148 0.0261914
1.27246 0.0263911
1.27344 0.0265701
1.27441 0.0267401
1.27539 0.0269148
1.27637 0.0270969
1.27734 0.0272653
1.27832 0.0273913
1.2793 0.0274789
1.28027 0.0275069
1.28125 0.0274469
1.28223 0.0273534
1.2832 0.0272799
1.28418 0.027271
1.28516 0.0273466
1.28613 0.0274933
1.28711 0.0276705
1.28809 0.0278277
1.28906 0.0279262
1.29004 0.0279543
1.29102 0.0279279
1.29199 0.0278818
1.29297 0.027851
1.29395 0.027855
1.29492 0.0278912
1.2959 0.0279404
1.29688 0.0279798
1.29785 0.027997
1.29883 0.0279974
1.2998 0.0279995
1.30078 0.0280236
1.30176 0.0280783
1.30273 0.0281527
1.30371 0.0282205
1.30469 0.0282525
1.30566 0.0282328
1.30664 0.0281701
1.30762 0.0280978
1.30859 0.0280621
1.30957 0.0281036
1.31055 0.02824
1.31152 0.0284582
1.3125 0.0287099
1.31348 0.028876
1.31445 0.0290003
1.31543 0.0290969
1.31641 0.02917
1.31738 0.0292217
1.31836 0.0292509
1.31934 0.0292503
1.32031 0.0291939
1.32129 0.0291396
1.32227 0.0291069
1.32324 0.0291079
1.32422 0.0291541
1.3252 0.0292509
1.32617 0.0293924
1.32715 0.0295584
1.32812 0.0297177
1.3291 0.0298366
1.33008 0.0298903
1.33105 0.0298718
1.33203 0.0297945
1.33301 0.0296869
1.33398 0.0295822
1.33496 0.0295072
1.33594 0.0294761
1.33691 0.0294892
1.33789 0.029539
1.33887 0.0296163
1.33984 0.0297159
1.34082 0.0298359
1.3418 0.0299744
1.34277 0.0301178
1.34375 0.0301834
1.34473 0.0302089
1.3457 0.0302131
1.34668 0.0302008
1.34766 0.030175
1.34863 0.0301355
1.34961 0.0300816
1.35059 0.0300107
1.35156 0.0299189
1.35254 0.0297995
1.35352 0.0296328
1.35449 0.0293747
1.35547 0.0290985
1.35645 0.0288453
1.35742 0.0286564
1.3584 0.0285654
1.35938 0.0285854
1.36035 0.0287038
1.36133 0.0288864
1.3623 0.0290902
1.36328 0.0292787
1.36426 0.0294334
1.36523 0.029557
1.36621 0.0296671
1.36719 0.0297839
1.36816 0.0299186
1.36914 0.0300667
1.37012 0.0302102
1.37109 0.0303228
1.37207 0.0303966
1.37305 0.0304468
1.37402 0.0304706
1.375 0.0304978
1.37598 0.0305524
1.37695 0.0306468
1.37793 0.0307731
1.37891 0.0308648
1.37988 0.0309363
1.38086 0.0309955
1.38184 0.0310451
1.38281 0.0310874
1.38379 0.0311231
1.38477 0.0311532
1.38574 0.0311781
1.38672 0.0311984
1.3877 0.0312141
1.38867 0.0312258
1.38965 0.0312337
1.39062 0.031238
1.3916 0.0312389
1.39258 0.0312368
1.39355 0.0312318
1.39453 0.031224
1.39551 0.0312137
1.39648 0.0312011
1.39746 0.0311863
1.39844 0.0311695
1.39941 0.0311507
1.40039 0.0311302
1.40137 0.031108
1.40234 0.0310843
1.40332 0.0310591
1.4043 0.0310327
1.40527 0.031005
1.40625 0.0309761
1.40723 0.0309462
1.4082 0.0309154
1.40918 0.0308836
1.41016 0.030851
1.41113 0.0308176
1.41211 0.0307835
1.41309 0.0307488
1.41406 0.0307135
1.41504 0.0306777
1.41602 0.0306413
1.41699 0.0306046
1.41797 0.0305674
1.41895 0.0305299
1.41992 0.0304921
1.4209 0.030454
1.42188 0.0304156
1.42285 0.0303771
1.42383 0.0303384
1.4248 0.0302995
1.42578 0.0302605
1.42676 0.0302214
1.42773 0.0301823
1.42871 0.0301431
1.42969 0.0301039
1.43066 0.0300647
1.43164 0.0300256
1.43262 0.0299864
1.43359 0.0299473
1.43457 0.0299083
1.43555 0.0298693
1.43652 0.0298305
1.4375 0.0297918
1.43848 0.0297531
1.43945 0.0297146
1.44043 0.0296763
1.44141 0.0296381
1.44238 0.0296001
1.44336 0.0295622
1.44434 0.0295245
1.44531 0.0294869
1.44629 0.0294496
1.44727 0.0294124
1.44824 0.0293755
1.44922 0.0293387
1.4502 0.0293021
1.45117 0.0292658
1.45215 0.0292296
1.45312 0.0291937
1.4541 0.029158
1.45508 0.0291225
1.45605 0.0290872
1.45703 0.0290521
1.45801 0.0290172
1.45898 0.0289826
1.45996 0.0289482
1.46094 0.028914
1.46191 0.02888
1.46289 0.0288463
1.46387 0.0288127
1.46484 0.0287794
1.46582 0.0287463
1.4668 0.0287134
1.46777 0.0286808
1.46875 0.0286484
1.46973 0.0286161
1.4707 0.0285841
1.47168 0.0285524
1.47266 0.0285208
1.47363 0.0284894
1.47461 0.0284583
1.47559 0.0284274
1.47656 0.0283967
1.47754 0.0283662
1.47852 0.0283359
1.47949 0.0283058
1.48047 0.0282759
1.48145 0.0282462
1.48242 0.0282168
1.4834 0.0281875
1.48438 0.0281584
1.48535 0.0281296
1.48633 0.0281009
1.4873 0.0280725
1.48828 0.0280442
1.48926 0.0280161
1.49023 0.0279883
1.49121 0.0279606
1.49219 0.0279331
1.49316 0.0279059
1.49414 0.0278788
1.49512 0.0278519
1.49609 0.0278252
1.49707 0.0277987
1.49805 0.0277724
1.49902 0.0277462
1.5 0.0277203
1.50098 0.0276946
1.50195 0.027669
1.50293 0.0276436
1.50391 0.0276184
1.50488 0.0275934
1.50586 0.0275686
1.50684 0.027544
1.50781 0.0275195
1.50879 0.0274952
1.50977 0.0274712
1.51074 0.0274473
1.51172 0.0274235
1.5127 0.0274
1.51367 0.0273766
1.51465 0.0273534
1.51562 0.0273304
1.5166 0.0273076
1.51758 0.027285
1.51855 0.0272625
1.51953 0.0272402
1.52051 0.0272181
1.52148 0.0271962
1.52246 0.0271744
1.52344 0.0271528
1.52441 0.0271314
1.52539 0.0271102
1.52637 0.0270891
1.52734 0.0270682
1.52832 0.0270475
1.5293 0.0270269
1.53027 0.0270066
1.53125 0.0269863
1.53223 0.0269663
1.5332 0.0269464
1.53418 0.0269268
1.53516 0.0269072
1.53613 0.0268879
1.53711 0.0268687
1.53809 0.0268496
1.53906 0.0268308
1.54004 0.0268121
1.54102 0.0267936
1.54199 0.0267752
1.54297 0.026757
1.54395 0.0267389
1.54492 0.0267211
1.5459 0.0267034
1.54688 0.0266858
1.54785 0.0266684
1.54883 0.0266512
1.5498 0.0266341
1.55078 0.0266172
1.55176 0.0266004
1.55273 0.0265838
1.55371 0.0265673
1.55469 0.0265511
1.55566 0.0265349
1.55664 0.0265189
1.55762 0.0265031
1.55859 0.0264874
1.55957 0.0264719
1.56055 0.0264565
1.56152 0.0264412
1.5625 0.0264262
1.56348 0.0264112
1.56445 0.0263964
1.56543 0.0263818
1.56641 0.0263673
1.56738 0.0263529
1.56836 0.0263387
1.56934 0.0263246
1.57031 0.0263107
1.57129 0.0262969
1.57227 0.0262833
1.57324 0.0262697
1.57422 0.0262564
1.5752 0.0262431
1.57617 0.02623
1.57715 0.026217
1.57812 0.0262042
1.5791 0.0261915
1.58008 0.0261789
1.58105 0.0261665
1.58203 0.0261542
1.58301 0.026142
1.58398 0.0261299
1.58496 0.026118
1.58594 0.0261062
1.58691 0.0260945
1.58789 0.0260829
1.58887 0.0260715
1.58984 0.0260602
1.59082 0.026049
1.5918 0.0260379
1.59277 0.0260269
1.59375 0.0260161
1.59473 0.0260054
1.5957 0.0259947
1.59668 0.0259842
1.59766 0.0259739
1.59863 0.0259636
1.59961 0.0259534
1.60059 0.0259434
1.60156 0.0259334
1.60254 0.0259236
1.60352 0.0259138
1.60449 0.0259042
1.60547 0.0258947
1.60645 0.0258853
1.60742 0.025876
1.6084 0.0258668
1.60938 0.0258577
1.61035 0.0258486
1.61133 0.0258397
1.6123 0.0258309
1.61328 0.0258222
1.61426 0.0258136
1.61523 0.0258051
1.61621 0.0257967
1.61719 0.0257884
1.61816 0.0257801
1.61914 0.025772
1.62012 0.025764
1.62109 0.025756
1.62207 0.0257482
1.62305 0.0257404
1.62402 0.0257328
1.625 0.0257252
1.62598 0.0257177
1.62695 0.0257104
1.62793 0.0257031
1.62891 0.0256959
1.62988 0.0256887
1.63086 0.0256817
1.63184 0.0256748
1.63281 0.0256679
1.63379 0.0256612
1.63477 0.0256545
1.63574 0.0256479
1.63672 0.0256414
1.6377 0.025635
1.63867 0.0256286
1.63965 0.0256224
1.64062 0.0256162
1.6416 0.0256101
1.64258 0.025604
1.64355 0.0255981
1.64453 0.0255922
1.64551 0.0255863
1.64648 0.0255806
1.64746 0.0255749
1.64844 0.0255693
1.64941 0.0255637
1.65039 0.0255582
1.65137 0.0255528
1.65234 0.0255475
1.65332 0.0255421
1.6543 0.0255369
1.65527 0.0255317
1.65625 0.0255266
1.65723 0.0255215
1.6582 0.0255165
1.65918 0.0255115
1.66016 0.0255066
1.66113 0.0255017
1.66211 0.0254969
1.66309 0.0254921
1.66406 0.0254874
1.66504 0.0254827
1.66602 0.025478
1.66699 0.0254735
1.66797 0.0254689
1.66895 0.0254644
1.66992 0.02546
1.6709 0.0254556
1.67188 0.0254512
1.67285 0.0254469
1.67383 0.0254426
1.6748 0.0254383
1.67578 0.0254341
1.67676 0.02543
1.67773 0.0254258
1.67871 0.0254218
1.67969 0.0254177
1.68066 0.0254137
1.68164 0.0254098
1.68262 0.0254058
1.68359 0.0254019
1.68457 0.0253981
1.68555 0.0253943
1.68652 0.0253905
1.6875 0.0253867
1.68848 0.025383
1.68945 0.0253794
1.69043 0.0253757
1.69141 0.0253721
1.69238 0.0253685
1.69336 0.025365
1.69434 0.0253615
1.69531 0.025358
1.69629 0.0253546
1.69727 0.0253512
1.69824 0.0253478
1.69922 0.0253445
1.7002 0.0253412
1.70117 0.0253379
1.70215 0.0253346
1.70312 0.0253314
1.7041 0.0253282
1.70508 0.0253251
1.70605 0.0253219
1.70703 0.0253188
1.70801 0.0253158
1.70898 0.0253127
1.70996 0.0253097
1.71094 0.0253067
1.71191 0.0253037
1.71289 0.0253008
1.71387 0.0252979
1.71484 0.025295
1.71582 0.0252921
1.7168 0.0252892
1.71777 0.0252864
1.71875 0.0252836
1.71973 0.0252809
1.7207 0.0252781
1.72168 0.0252754
1.72266 0.0252727
1.72363 0.02527
1.72461 0.0252673
1.72559 0.0252647
1.72656 0.025262
1.72754 0.0252594
1.72852 0.0252568
1.72949 0.0252542
1.73047 0.0252517
1.73145 0.0252492
1.73242 0.0252466
1.7334 0.0252441
1.73438 0.0252416
1.73535 0.0252392
1.73633 0.0252367
1.7373 0.0252343
1.73828 0.0252318
1.73926 0.0252294
1.74023 0.025227
1.74121 0.0252246
1.74219 0.0252222
1.74316 0.0252199
1.74414 0.0252175
1.74512 0.0252152
1.74609 0.0252128
1.74707 0.0252105
1.74805 0.0252082
1.74902 0.0252059
1.75 0.0252036
1.75098 0.0252013
1.75195 0.025199
1.75293 0.0251967
1.75391 0.0251945
1.75488 0.0251922
1.75586 0.02519
1.75684 0.0251877
1.75781 0.0251855
1.75879 0.0251832
1.75977 0.025181
1.76074 0.0251787
1.76172 0.0251765
1.7627 0.0251743
1.76367 0.025172
1.76465 0.0251698
1.76562 0.0251676
1.7666 0.0251654
1.76758 0.0251631
1.76855 0.0251609
1.76953 0.0251587
1.77051 0.0251565
1.77148 0.0251542
1.77246 0.025152
1.77344 0.0251498
1.77441 0.0251475
1.77539 0.0251453
1.77637 0.025143
1.77734 0.0251408
1.77832 0.0251385
1.7793 0.0251362
1.78027 0.025134
1.78125 0.0251317
1.78223 0.0251294
1.7832 0.0251271
1.78418 0.0251248
1.78516 0.0251225
1.78613 0.0251202
1.78711 0.0251178
1.78809 0.0251155
1.78906 0.0251131
1.79004 0.0251107
1.79102 0.0251084
1.79199 0.025106
1.79297 0.0251035
1.79395 0.0251011
1.79492 0.0250987
1.7959 0.0250962
1.79688 0.0250937
1.79785 0.0250912
1.79883 0.0250887
1.7998 0.0250862
1.80078 0.0250836
1.80176 0.0250811
1.80273 0.0250785
1.80371 0.0250759
1.80469 0.0250732
1.80566 0.0250706
1.80664 0.0250679
1.80762 0.0250652
1.80859 0.0250624
1.80957 0.0250597
1.81055 0.0250569
1.81152 0.0250541
1.8125 0.0250512
1.81348 0.0250484
1.81445 0.0250455
1.81543 0.0250425
1.81641 0.0250396
1.81738 0.0250366
1.81836 0.0250335
1.81934 0.0250305
1.82031 0.0250274
1.82129 0.0250242
1.82227 0.0250211
1.82324 0.0250179
1.82422 0.0250146
1.8252 0.0250113
1.82617 0.025008
1.82715 0.0250046
1.82812 0.0250012
1.8291 0.0249978
1.83008 0.0249943
1.83105 0.0249907
1.83203 0.0249872
1.83301 0.0249835
1.83398 0.0249799
1.83496 0.0249761
1.83594 0.0249724
1.83691 0.0249685
1.83789 0.0249647
1.83887 0.0249607
1.83984 0.0249568
1.84082 0.0249527
1.8418 0.0249487
1.84277 0.0249445
1.84375 0.0249403
1.84473 0.0249361
1.8457 0.0249318
1.84668 0.0249274
1.84766 0.024923
1.84863 0.0249185
1.84961 0.024914
1.85059 0.0249094
1.85156 0.0249048
1.85254 0.0249
1.85352 0.0248953
1.85449 0.0248904
1.85547 0.0248855
1.85645 0.0248805
1.85742 0.0248755
1.8584 0.0248704
1.85938 0.0248653
1.86035 0.02486
1.86133 0.0248548
1.8623 0.0248494
1.86328 0.024844
1.86426 0.0248385
1.86523 0.024833
1.86621 0.0248274
1.86719 0.0248217
1.86816 0.0248159
1.86914 0.0248101
1.87012 0.0248043
1.87109 0.0247983
1.87207 0.0247923
1.87305 0.0247863
1.87402 0.0247802
1.875 0.024774
1.87598 0.0247677
1.87695 0.0247614
1.87793 0.024755
1.87891 0.0247486
1.87988 0.0247421
1.88086 0.0247356
1.88184 0.024729
1.88281 0.0247223
1.88379 0.0247156
1.88477 0.0247088
1.88574 0.024702
1.88672 0.0246951
1.8877 0.0246882
1.88867 0.0246812
1.88965 0.0246742
1.89062 0.0246671
1.8916 0.0246599
1.89258 0.0246527
1.89355 0.0246455
1.89453 0.0246382
1.89551 0.0246309
1.89648 0.0246235
1.89746 0.024616
1.89844 0.0246085
1.89941 0.024601
1.90039 0.0245933
1.90137 0.0245857
1.90234 0.0245779
1.90332 0.0245701
1.9043 0.0245623
1.90527 0.0245543
1.90625 0.0245463
1.90723 0.0245382
1.9082 0.02453
1.90918 0.0245218
1.91016 0.0245134
1.91113 0.0245049
1.91211 0.0244962
1.91309 0.0244875
1.91406 0.0244786
1.91504 0.0244695
1.91602 0.0244602
1.91699 0.0244508
1.91797 0.0244411
1.91895 0.0244312
1.91992 0.024421
1.9209 0.0244105
1.92188 0.0243997
1.92285 0.0243886
1.92383 0.0243771
1.9248 0.0243651
1.92578 0.0243527
1.92676 0.0243398
1.92773 0.0243264
1.92871 0.0243124
1.92969 0.0242977
1.93066 0.0242823
1.93164 0.0242662
1.93262 0.0242492
1.93359 0.0242313
1.93457 0.0242124
1.93555 0.0241924
1.93652 0.0241713
1.9375 0.024149
1.93848 0.0241252
1.93945 0.0241
1.94043 0.0240733
1.94141 0.0240448
1.94238 0.0240145
1.94336 0.0239821
1.94434 0.0239477
1.94531 0.0239109
1.94629 0.0238715
1.94727 0.0238295
1.94824 0.0237846
1.94922 0.0237365
1.9502 0.023685
1.95117 0.0236299
1.95215 0.0235708
1.95312 0.0235075
1.9541 0.0234396
1.95508 0.0233667
1.95605 0.0232885
1.95703 0.0232045
1.95801 0.0231143
1.95898 0.0230171
1.95996 0.0229123
1.96094 0.0227989
1.96191 0.0226757
1.96289 0.0225408
1.96387 0.0223916
1.96484 0.0222235
1.96582 0.0220255
1.9668 0.0217658
1.96777 0.0214706
1.96875 0.0212102
1.96973 0.0209655
1.9707 0.0207143
1.97168 0.0204511
1.97266 0.0201878
1.97363 0.0199469
1.97461 0.0197478
1.97559 0.0195952
1.97656 0.0194756
1.97754 0.0193628
1.97852 0.0192314
1.97949 0.0190704
1.98047 0.0188906
1.98145 0.0187224
1.98242 0.0186034
1.9834 0.0185641
1.98438 0.0186153
1.98535 0.018747
1.98633 0.0189347
1.9873 0.0191533
1.98828 0.0193884
1.98926 0.019641
1.99023 0.0199224
1.99121 0.0202421
1.99219 0.0205927
1.99316 0.0209104
1.99414 0.0211499
1.99512 0.0213445
1.99609 0.0215068
1.99707 0.0216421
1.99805 0.0217557
1.99902 0.0218522
2 0.0219373
