# ---X---	---$p_\mathrm{z}/p_\mathrm{H}$---
-5.10873 3.83479e-07
-5.09875 3.83478e-07
-5.08877 3.83478e-07
-5.0788 3.83477e-07
-5.06882 3.83477e-07
-5.05884 3.83476e-07
-5.04886 3.83475e-07
-5.03888 3.83473e-07
-5.02891 3.83472e-07
-5.01893 3.8347e-07
-5.00895 3.83469e-07
-4.99897 3.83467e-07
-4.98899 3.83465e-07
-4.97902 3.83462e-07
-4.96904 3.8346e-07
-4.95906 3.83457e-07
-4.94908 3.83454e-07
-4.9391 3.83451e-07
-4.92913 3.83449e-07
-4.91915 3.83445e-07
-4.90917 3.83441e-07
-4.89919 3.83437e-07
-4.88921 3.83434e-07
-4.87924 3.8343e-07
-4.86926 3.83425e-07
-4.85928 3.83421e-07
-4.8493 3.83416e-07
-4.83932 3.83412e-07
-4.82935 3.83407e-07
-4.81937 3.83402e-07
-4.80939 3.83397e-07
-4.79941 3.83392e-07
-4.78943 3.83386e-07
-4.77946 3.8338e-07
-4.76948 3.83375e-07
-4.7595 3.83368e-07
-4.74952 3.83362e-07
-4.73954 3.83355e-07
-4.72957 3.83349e-07
-4.71959 3.83343e-07
-4.70961 3.83335e-07
-4.69963 3.83328e-07
-4.68965 3.83321e-07
-4.67968 3.83314e-07
-4.6697 3.83306e-07
-4.65972 3.83298e-07
-4.64974 3.8329e-07
-4.63976 3.83282e-07
-4.62979 3.83274e-07
-4.61981 3.83265e-07
-4.60983 3.83257e-07
-4.59985 3.83247e-07
-4.58987 3.83238e-07
-4.5799 3.83229e-07
-4.56992 3.8322e-07
-4.55994 3.8321e-07
-4.54996 3.83201e-07
-4.53998 3.83191e-07
-4.53001 3.83181e-07
-4.52003 3.8317e-07
-4.51005 3.8316e-07
-4.50007 3.83149e-07
-4.49009 3.83138e-07
-4.48012 3.83128e-07
-4.47014 3.83116e-07
-4.46016 3.83105e-07
-4.45018 3.83093e-07
-4.4402 3.83082e-07
-4.43023 3.8307e-07
-4.42025 3.83058e-07
-4.41027 3.83045e-07
-4.40029 3.83033e-07
-4.39031 3.8302e-07
-4.38034 3.83007e-07
-4.37036 3.82994e-07
-4.36038 3.82982e-07
-4.3504 3.82968e-07
-4.34042 3.82954e-07
-4.33045 3.82941e-07
-4.32047 3.82927e-07
-4.31049 3.82913e-07
-4.30051 3.82898e-07
-4.29053 3.82884e-07
-4.28056 3.82869e-07
-4.27058 3.82855e-07
-4.2606 3.82839e-07
-4.25062 3.82824e-07
-4.24064 3.82809e-07
-4.23067 3.82793e-07
-4.22069 3.82778e-07
-4.21071 3.82762e-07
-4.20073 3.82746e-07
-4.19075 3.82729e-07
-4.18078 3.82713e-07
-4.1708 3.82696e-07
-4.16082 3.82679e-07
-4.15084 3.82661e-07
-4.14086 3.82644e-07
-4.13089 3.82627e-07
-4.12091 3.82609e-07
-4.11093 3.82592e-07
-4.10095 3.82573e-07
-4.09097 3.82555e-07
-4.081 3.82536e-07
-4.07102 3.82518e-07
-4.06104 3.82499e-07
-4.05106 3.8248e-07
-4.04108 3.82461e-07
-4.03111 3.82441e-07
-4.02113 3.82421e-07
-4.01115 3.82402e-07
-4.00117 3.82382e-07
-3.99119 3.82361e-07
-3.98122 3.82341e-07
-3.97124 3.8232e-07
-3.96126 3.82299e-07
-3.95128 3.82279e-07
-3.94131 3.82257e-07
-3.93133 3.82236e-07
-3.92135 3.82214e-07
-3.91137 3.82192e-07
-3.90139 3.8217e-07
-3.89142 3.82148e-07
-3.88144 3.82125e-07
-3.87146 3.82103e-07
-3.86148 3.8208e-07
-3.8515 3.82056e-07
-3.84153 3.82033e-07
-3.83155 3.8201e-07
-3.82157 3.81986e-07
-3.81159 3.81962e-07
-3.80161 3.81938e-07
-3.79164 3.81913e-07
-3.78166 3.81889e-07
-3.77168 3.81864e-07
-3.7617 3.81839e-07
-3.75172 3.81814e-07
-3.74175 3.81788e-07
-3.73177 3.81763e-07
-3.72179 3.81737e-07
-3.71181 3.8171e-07
-3.70183 3.81685e-07
-3.69186 3.81657e-07
-3.68188 3.81631e-07
-3.6719 3.81604e-07
-3.66192 3.81576e-07
-3.65194 3.81549e-07
-3.64197 3.81522e-07
-3.63199 3.81494e-07
-3.62201 3.81466e-07
-3.61203 3.81438e-07
-3.60205 3.81409e-07
-3.59208 3.8138e-07
-3.5821 3.81351e-07
-3.57212 3.81321e-07
-3.56214 3.81292e-07
-3.55216 3.81263e-07
-3.54219 3.81232e-07
-3.53221 3.81202e-07
-3.52223 3.81172e-07
-3.51225 3.81141e-07
-3.50227 3.8111e-07
-3.4923 3.81079e-07
-3.48232 3.81048e-07
-3.47234 3.81015e-07
-3.46236 3.80984e-07
-3.45238 3.80952e-07
-3.44241 3.80919e-07
-3.43243 3.80887e-07
-3.42245 3.80854e-07
-3.41247 3.8082e-07
-3.40249 3.80788e-07
-3.39252 3.80754e-07
-3.38254 3.8072e-07
-3.37256 3.80686e-07
-3.36258 3.80651e-07
-3.3526 3.80617e-07
-3.34263 3.80582e-07
-3.33265 3.80547e-07
-3.32267 3.80511e-07
-3.31269 3.80475e-07
-3.30271 3.80439e-07
-3.29274 3.80403e-07
-3.28276 3.80367e-07
-3.27278 3.8033e-07
-3.2628 3.80293e-07
-3.25282 3.80256e-07
-3.24285 3.80219e-07
-3.23287 3.80181e-07
-3.22289 3.80142e-07
-3.21291 3.80105e-07
-3.20293 3.80066e-07
-3.19296 3.80027e-07
-3.18298 3.79987e-07
-3.173 3.79948e-07
-3.16302 3.79909e-07
-3.15304 3.79869e-07
-3.14307 3.79829e-07
-3.13309 3.79788e-07
-3.12311 3.79747e-07
-3.11313 3.79706e-07
-3.10315 3.79664e-07
-3.09318 3.79622e-07
-3.0832 3.79581e-07
-3.07322 3.79538e-07
-3.06324 3.79496e-07
-3.05326 3.79453e-07
-3.04329 3.7941e-07
-3.03331 3.79366e-07
-3.02333 3.79322e-07
-3.01335 3.79278e-07
-3.00337 3.79234e-07
-2.9934 3.79189e-07
-2.98342 3.79144e-07
-2.97344 3.79099e-07
-2.96346 3.79053e-07
-2.95348 3.79008e-07
-2.94351 3.78961e-07
-2.93353 3.78915e-07
-2.92355 3.78868e-07
-2.91357 3.78821e-07
-2.90359 3.78773e-07
-2.89362 3.78725e-07
-2.88364 3.78677e-07
-2.87366 3.78629e-07
-2.86368 3.7858e-07
-2.8537 3.7853e-07
-2.84373 3.78481e-07
-2.83375 3.78431e-07
-2.82377 3.78381e-07
-2.81379 3.7833e-07
-2.80381 3.7828e-07
-2.79384 3.78228e-07
-2.78386 3.78177e-07
-2.77388 3.78125e-07
-2.7639 3.78073e-07
-2.75392 3.7802e-07
-2.74395 3.77967e-07
-2.73397 3.77914e-07
-2.72399 3.7786e-07
-2.71401 3.77806e-07
-2.70403 3.77752e-07
-2.69406 3.77697e-07
-2.68408 3.77642e-07
-2.6741 3.77586e-07
-2.66412 3.7753e-07
-2.65414 3.77474e-07
-2.64417 3.77417e-07
-2.63419 3.7736e-07
-2.62421 3.77303e-07
-2.61423 3.77245e-07
-2.60425 3.77187e-07
-2.59428 3.77128e-07
-2.5843 3.7707e-07
-2.57432 3.7701e-07
-2.56434 3.7695e-07
-2.55436 3.7689e-07
-2.54439 3.7683e-07
-2.53441 3.76768e-07
-2.52443 3.76707e-07
-2.51445 3.76645e-07
-2.50447 3.76583e-07
-2.4945 3.7652e-07
-2.48452 3.76457e-07
-2.47454 3.76393e-07
-2.46456 3.7633e-07
-2.45458 3.76265e-07
-2.44461 3.76201e-07
-2.43463 3.76135e-07
-2.42465 3.76069e-07
-2.41467 3.76003e-07
-2.40469 3.75937e-07
-2.39472 3.75869e-07
-2.38474 3.75802e-07
-2.37476 3.75734e-07
-2.36478 3.75665e-07
-2.35481 3.75596e-07
-2.34483 3.75527e-07
-2.33485 3.75457e-07
-2.32487 3.75387e-07
-2.31489 3.75316e-07
-2.30492 3.75245e-07
-2.29494 3.75173e-07
-2.28496 3.751e-07
-2.27498 3.75027e-07
-2.265 3.74954e-07
-2.25503 3.74881e-07
-2.24505 3.74806e-07
-2.23507 3.74731e-07
-2.22509 3.74656e-07
-2.21511 3.7458e-07
-2.20514 3.74503e-07
-2.19516 3.74426e-07
-2.18518 3.74349e-07
-2.1752 3.74271e-07
-2.16522 3.74193e-07
-2.15525 3.74113e-07
-2.14527 3.74034e-07
-2.13529 3.73954e-07
-2.12531 3.73873e-07
-2.11533 3.73791e-07
-2.10536 3.73709e-07
-2.09538 3.73626e-07
-2.0854 3.73544e-07
-2.07542 3.73459e-07
-2.06544 3.73375e-07
-2.05547 3.7329e-07
-2.04549 3.73205e-07
-2.03551 3.73118e-07
-2.02553 3.73032e-07
-2.01555 3.72944e-07
-2.00558 3.72856e-07
-1.9956 3.72768e-07
-1.98562 3.72678e-07
-1.97564 3.72588e-07
-1.96566 3.72497e-07
-1.95569 3.72406e-07
-1.94571 3.72314e-07
-1.93573 3.72221e-07
-1.92575 3.72128e-07
-1.91577 3.72034e-07
-1.9058 3.71939e-07
-1.89582 3.71844e-07
-1.88584 3.71748e-07
-1.87586 3.71651e-07
-1.86588 3.71553e-07
-1.85591 3.71455e-07
-1.84593 3.71356e-07
-1.83595 3.71256e-07
-1.82597 3.71155e-07
-1.81599 3.71054e-07
-1.80602 3.70952e-07
-1.79604 3.70849e-07
-1.78606 3.70745e-07
-1.77608 3.70641e-07
-1.7661 3.70536e-07
-1.75613 3.70429e-07
-1.74615 3.70322e-07
-1.73617 3.70215e-07
-1.72619 3.70107e-07
-1.71621 3.69997e-07
-1.70624 3.69887e-07
-1.69626 3.69775e-07
-1.68628 3.69663e-07
-1.6763 3.6955e-07
-1.66632 3.69437e-07
-1.65635 3.69322e-07
-1.64637 3.69206e-07
-1.63639 3.69089e-07
-1.62641 3.68972e-07
-1.61643 3.68853e-07
-1.60646 3.68734e-07
-1.59648 3.68613e-07
-1.5865 3.68492e-07
-1.57652 3.68369e-07
-1.56654 3.68246e-07
-1.55657 3.68121e-07
-1.54659 3.67996e-07
-1.53661 3.67869e-07
-1.52663 3.67742e-07
-1.51665 3.67613e-07
-1.50668 3.67483e-07
-1.4967 3.67352e-07
-1.48672 3.6722e-07
-1.47674 3.67087e-07
-1.46676 3.66953e-07
-1.45679 3.66817e-07
-1.44681 3.66681e-07
-1.43683 3.66543e-07
-1.42685 3.66404e-07
-1.41687 3.66264e-07
-1.4069 3.66122e-07
-1.39692 3.65979e-07
-1.38694 3.65835e-07
-1.37696 3.6569e-07
-1.36698 3.65543e-07
-1.35701 3.65395e-07
-1.34703 3.65246e-07
-1.33705 3.65095e-07
-1.32707 3.64943e-07
-1.31709 3.64789e-07
-1.30712 3.64634e-07
-1.29714 3.64478e-07
-1.28716 3.6432e-07
-1.27718 3.6416e-07
-1.2672 3.64e-07
-1.25723 3.63837e-07
-1.24725 3.63673e-07
-1.23727 3.63508e-07
-1.22729 3.6334e-07
-1.21731 3.63172e-07
-1.20734 3.63001e-07
-1.19736 3.62829e-07
-1.18738 3.62655e-07
-1.1774 3.62479e-07
-1.16742 3.62302e-07
-1.15745 3.62122e-07
-1.14747 3.61941e-07
-1.13749 3.61758e-07
-1.12751 3.61574e-07
-1.11753 3.61387e-07
-1.10756 3.61198e-07
-1.09758 3.61008e-07
-1.0876 3.60815e-07
-1.07762 3.60621e-07
-1.06764 3.60425e-07
-1.05767 3.60226e-07
-1.04769 3.60026e-07
-1.03771 3.59824e-07
-1.02773 3.59586e-07
-1.01775 3.59263e-07
-1.00778 0.100164
-0.997799 0.166101
-0.987821 0.215119
-0.977843 0.254658
-0.967865 0.289163
-0.957887 0.319588
-0.947909 0.347352
-0.937931 0.37273
-0.927953 0.396384
-0.917975 0.418423
-0.907997 0.439226
-0.898019 0.458836
-0.888041 0.477499
-0.878063 0.495233
-0.868085 0.512204
-0.858107 0.528423
-0.848129 0.544011
-0.838151 0.558972
-0.828173 0.573396
-0.818195 0.587282
-0.808217 0.600705
-0.798239 0.613661
-0.788261 0.626208
-0.778283 0.638344
-0.768305 0.650115
-0.758327 0.661518
-0.748349 0.672593
-0.738371 0.683336
-0.728393 0.693779
-0.718415 0.703921
-0.708437 0.713789
-0.698459 0.723379
-0.688481 0.732716
-0.678503 0.741796
-0.668525 0.750642
-0.658547 0.759249
-0.648569 0.767636
-0.638591 0.775801
-0.628613 0.783759
-0.618635 0.791507
-0.608657 0.799063
-0.598679 0.806418
-0.588701 0.813592
-0.578723 0.820581
-0.568745 0.827386
-0.558767 0.834023
-0.548789 0.840491
-0.538811 0.84679
-0.528833 0.852921
-0.518855 0.8589
-0.508877 0.864726
-0.498899 0.870391
-0.488921 0.875912
-0.478943 0.881281
-0.468965 0.886505
-0.458987 0.891592
-0.449009 0.896536
-0.439031 0.901343
-0.429053 0.906021
-0.419075 0.910555
-0.409097 0.914969
-0.399119 0.919246
-0.389142 0.923403
-0.379164 0.927431
-0.369186 0.931331
-0.359208 0.935111
-0.34923 0.93877
-0.339252 0.942317
-0.329274 0.945736
-0.319296 0.949042
-0.309318 0.952228
-0.29934 0.955301
-0.289362 0.958262
-0.279384 0.961111
-0.269406 0.963848
-0.259428 0.96648
-0.24945 0.968991
-0.239472 0.971399
-0.229494 0.973702
-0.219516 0.975893
-0.209538 0.977979
-0.19956 0.979961
-0.189582 0.981839
-0.179604 0.983605
-0.169626 0.985274
-0.159648 0.986839
-0.14967 0.988299
-0.139692 0.989655
-0.129714 0.990907
-0.119736 0.992063
-0.109758 0.993114
-0.0997799 0.994061
-0.0898019 0.994911
-0.0798239 0.995666
-0.0698459 0.996316
-0.0598679 0.996861
-0.0498899 0.997311
-0.0399119 0.997656
-0.029934 0.997905
-0.019956 0.998057
-0.00997799 0.998105
0 0.998057
0.00997799 0.997905
0.019956 0.997656
0.029934 0.997311
0.0399119 0.996861
0.0498899 0.996316
0.0598679 0.995666
0.0698459 0.994911
0.0798239 0.994061
0.0898019 0.993114
0.0997799 0.992063
0.109758 0.990907
0.119736 0.989655
0.129714 0.988299
0.139692 0.986839
0.14967 0.985274
0.159648 0.983605
0.169626 0.981839
0.179604 0.979961
0.189582 0.977979
0.19956 0.975893
0.209538 0.973702
0.219516 0.971399
0.229494 0.968991
0.239472 0.96648
0.24945 0.963848
0.259428 0.961111
0.269406 0.958262
0.279384 0.955301
0.289362 0.952228
0.29934 0.949042
0.309318 0.945736
0.319296 0.942317
0.329274 0.93877
0.339252 0.935111
0.34923 0.931331
0.359208 0.927431
0.369186 0.923403
0.379164 0.919246
0.389142 0.914969
0.399119 0.910555
0.409097 0.906021
0.419075 0.901343
0.429053 0.896536
0.439031 0.891592
0.449009 0.886505
0.458987 0.881281
0.468965 0.875912
0.478943 0.870391
0.488921 0.864726
0.498899 0.8589
0.508877 0.852921
0.518855 0.84679
0.528833 0.840491
0.538811 0.834023
0.548789 0.827386
0.558767 0.820581
0.568745 0.813592
0.578723 0.806418
0.588701 0.799063
0.598679 0.791507
0.608657 0.783759
0.618635 0.775801
0.628613 0.767636
0.638591 0.759249
0.648569 0.750642
0.658547 0.741796
0.668525 0.732716
0.678503 0.723379
0.688481 0.713789
0.698459 0.703921
0.708437 0.693779
0.718415 0.683336
0.728393 0.672593
0.738371 0.661518
0.748349 0.650115
0.758327 0.638344
0.768305 0.626208
0.778283 0.613661
0.788261 0.600705
0.798239 0.587282
0.808217 0.573396
0.818195 0.558972
0.828173 0.544011
0.838151 0.528423
0.848129 0.512204
0.858107 0.495233
0.868085 0.477499
0.878063 0.458836
0.888041 0.439226
0.898019 0.418423
0.907997 0.396384
0.917975 0.37273
0.927953 0.347352
0.937931 0.319588
0.947909 0.289163
0.957887 0.254658
0.967865 0.215119
0.977843 0.166101
0.987821 0.100164
0.997799 3.59263e-07
1.00778 3.59586e-07
1.01775 3.59824e-07
1.02773 3.60026e-07
1.03771 3.60226e-07
1.04769 3.60425e-07
1.05767 3.60621e-07
1.06764 3.60815e-07
1.07762 3.61008e-07
1.0876 3.61198e-07
1.09758 3.61387e-07
1.10756 3.61574e-07
1.11753 3.61758e-07
1.12751 3.61941e-07
1.13749 3.62122e-07
1.14747 3.62302e-07
1.15745 3.62479e-07
1.16742 3.62655e-07
1.1774 3.62829e-07
1.18738 3.63001e-07
1.19736 3.63172e-07
1.20734 3.6334e-07
1.21731 3.63508e-07
1.22729 3.63673e-07
1.23727 3.63837e-07
1.24725 3.64e-07
1.25723 3.6416e-07
1.2672 3.6432e-07
1.27718 3.64478e-07
1.28716 3.64634e-07
1.29714 3.64789e-07
1.30712 3.64943e-07
1.31709 3.65095e-07
1.32707 3.65246e-07
1.33705 3.65395e-07
1.34703 3.65543e-07
1.35701 3.6569e-07
1.36698 3.65835e-07
1.37696 3.65979e-07
1.38694 3.66122e-07
1.39692 3.66264e-07
1.4069 3.66404e-07
1.41687 3.66543e-07
1.42685 3.66681e-07
1.43683 3.66817e-07
1.44681 3.66953e-07
1.45679 3.67087e-07
1.46676 3.6722e-07
1.47674 3.67352e-07
1.48672 3.67483e-07
1.4967 3.67613e-07
1.50668 3.67742e-07
1.51665 3.67869e-07
1.52663 3.67996e-07
1.53661 3.68121e-07
1.54659 3.68246e-07
1.55657 3.68369e-07
1.56654 3.68492e-07
1.57652 3.68613e-07
1.5865 3.68734e-07
1.59648 3.68853e-07
1.60646 3.68972e-07
1.61643 3.69089e-07
1.62641 3.69206e-07
1.63639 3.69322e-07
1.64637 3.69437e-07
1.65635 3.6955e-07
1.66632 3.69663e-07
1.6763 3.69775e-07
1.68628 3.69887e-07
1.69626 3.69997e-07
1.70624 3.70107e-07
1.71621 3.70215e-07
1.72619 3.70322e-07
1.73617 3.70429e-07
1.74615 3.70536e-07
1.75613 3.70641e-07
1.7661 3.70745e-07
1.77608 3.70849e-07
1.78606 3.70952e-07
1.79604 3.71054e-07
1.80602 3.71155e-07
1.81599 3.71256e-07
1.82597 3.71356e-07
1.83595 3.71455e-07
1.84593 3.71553e-07
1.85591 3.71651e-07
1.86588 3.71748e-07
1.87586 3.71844e-07
1.88584 3.71939e-07
1.89582 3.72034e-07
1.9058 3.72128e-07
1.91577 3.72221e-07
1.92575 3.72314e-07
1.93573 3.72406e-07
1.94571 3.72497e-07
1.95569 3.72588e-07
1.96566 3.72678e-07
1.97564 3.72768e-07
1.98562 3.72856e-07
1.9956 3.72944e-07
2.00558 3.73032e-07
2.01555 3.73118e-07
2.02553 3.73205e-07
2.03551 3.7329e-07
2.04549 3.73375e-07
2.05547 3.73459e-07
2.06544 3.73544e-07
2.07542 3.73626e-07
2.0854 3.73709e-07
2.09538 3.73791e-07
2.10536 3.73873e-07
2.11533 3.73954e-07
2.12531 3.74034e-07
2.13529 3.74113e-07
2.14527 3.74193e-07
2.15525 3.74271e-07
2.16522 3.74349e-07
2.1752 3.74426e-07
2.18518 3.74503e-07
2.19516 3.7458e-07
2.20514 3.74656e-07
2.21511 3.74731e-07
2.22509 3.74806e-07
2.23507 3.74881e-07
2.24505 3.74954e-07
2.25503 3.75027e-07
2.265 3.751e-07
2.27498 3.75173e-07
2.28496 3.75245e-07
2.29494 3.75316e-07
2.30492 3.75387e-07
2.31489 3.75457e-07
2.32487 3.75527e-07
2.33485 3.75596e-07
2.34483 3.75665e-07
2.35481 3.75734e-07
2.36478 3.75802e-07
2.37476 3.75869e-07
2.38474 3.75937e-07
2.39472 3.76003e-07
2.40469 3.76069e-07
2.41467 3.76135e-07
2.42465 3.76201e-07
2.43463 3.76265e-07
2.44461 3.7633e-07
2.45458 3.76393e-07
2.46456 3.76457e-07
2.47454 3.7652e-07
2.48452 3.76583e-07
2.4945 3.76645e-07
2.50447 3.76707e-07
2.51445 3.76768e-07
2.52443 3.7683e-07
2.53441 3.7689e-07
2.54439 3.7695e-07
2.55436 3.7701e-07
2.56434 3.7707e-07
2.57432 3.77128e-07
2.5843 3.77187e-07
2.59428 3.77245e-07
2.60425 3.77303e-07
2.61423 3.7736e-07
2.62421 3.77417e-07
2.63419 3.77474e-07
2.64417 3.7753e-07
2.65414 3.77586e-07
2.66412 3.77642e-07
2.6741 3.77697e-07
2.68408 3.77752e-07
2.69406 3.77806e-07
2.70403 3.7786e-07
2.71401 3.77914e-07
2.72399 3.77967e-07
2.73397 3.7802e-07
2.74395 3.78073e-07
2.75392 3.78125e-07
2.7639 3.78177e-07
2.77388 3.78228e-07
2.78386 3.7828e-07
2.79384 3.7833e-07
2.80381 3.78381e-07
2.81379 3.78431e-07
2.82377 3.78481e-07
2.83375 3.7853e-07
2.84373 3.7858e-07
2.8537 3.78629e-07
2.86368 3.78677e-07
2.87366 3.78725e-07
2.88364 3.78773e-07
2.89362 3.78821e-07
2.90359 3.78868e-07
2.91357 3.78915e-07
2.92355 3.78961e-07
2.93353 3.79008e-07
2.94351 3.79053e-07
2.95348 3.79099e-07
2.96346 3.79144e-07
2.97344 3.79189e-07
2.98342 3.79234e-07
2.9934 3.79278e-07
3.00337 3.79322e-07
3.01335 3.79366e-07
3.02333 3.7941e-07
3.03331 3.79453e-07
3.04329 3.79496e-07
3.05326 3.79538e-07
3.06324 3.79581e-07
3.07322 3.79622e-07
3.0832 3.79664e-07
3.09318 3.79706e-07
3.10315 3.79747e-07
3.11313 3.79788e-07
3.12311 3.79829e-07
3.13309 3.79869e-07
3.14307 3.79909e-07
3.15304 3.79948e-07
3.16302 3.79987e-07
3.173 3.80027e-07
3.18298 3.80066e-07
3.19296 3.80105e-07
3.20293 3.80142e-07
3.21291 3.80181e-07
3.22289 3.80219e-07
3.23287 3.80256e-07
3.24285 3.80293e-07
3.25282 3.8033e-07
3.2628 3.80367e-07
3.27278 3.80403e-07
3.28276 3.80439e-07
3.29274 3.80475e-07
3.30271 3.80511e-07
3.31269 3.80547e-07
3.32267 3.80582e-07
3.33265 3.80617e-07
3.34263 3.80651e-07
3.3526 3.80686e-07
3.36258 3.8072e-07
3.37256 3.80754e-07
3.38254 3.80788e-07
3.39252 3.8082e-07
3.40249 3.80854e-07
3.41247 3.80887e-07
3.42245 3.80919e-07
3.43243 3.80952e-07
3.44241 3.80984e-07
3.45238 3.81015e-07
3.46236 3.81048e-07
3.47234 3.81079e-07
3.48232 3.8111e-07
3.4923 3.81141e-07
3.50227 3.81172e-07
3.51225 3.81202e-07
3.52223 3.81232e-07
3.53221 3.81263e-07
3.54219 3.81292e-07
3.55216 3.81321e-07
3.56214 3.81351e-07
3.57212 3.8138e-07
3.5821 3.81409e-07
3.59208 3.81438e-07
3.60205 3.81466e-07
3.61203 3.81494e-07
3.62201 3.81522e-07
3.63199 3.81549e-07
3.64197 3.81576e-07
3.65194 3.81604e-07
3.66192 3.81631e-07
3.6719 3.81657e-07
3.68188 3.81685e-07
3.69186 3.8171e-07
3.70183 3.81737e-07
3.71181 3.81763e-07
3.72179 3.81788e-07
3.73177 3.81814e-07
3.74175 3.81839e-07
3.75172 3.81864e-07
3.7617 3.81889e-07
3.77168 3.81913e-07
3.78166 3.81938e-07
3.79164 3.81962e-07
3.80161 3.81986e-07
3.81159 3.8201e-07
3.82157 3.82033e-07
3.83155 3.82056e-07
3.84153 3.8208e-07
3.8515 3.82103e-07
3.86148 3.82125e-07
3.87146 3.82148e-07
3.88144 3.8217e-07
3.89142 3.82192e-07
3.90139 3.82214e-07
3.91137 3.82236e-07
3.92135 3.82257e-07
3.93133 3.82279e-07
3.94131 3.82299e-07
3.95128 3.8232e-07
3.96126 3.82341e-07
3.97124 3.82361e-07
3.98122 3.82382e-07
3.99119 3.82402e-07
4.00117 3.82421e-07
4.01115 3.82441e-07
4.02113 3.82461e-07
4.03111 3.8248e-07
4.04108 3.82499e-07
4.05106 3.82518e-07
4.06104 3.82536e-07
4.07102 3.82555e-07
4.081 3.82573e-07
4.09097 3.82592e-07
4.10095 3.82609e-07
4.11093 3.82627e-07
4.12091 3.82644e-07
4.13089 3.82661e-07
4.14086 3.82679e-07
4.15084 3.82696e-07
4.16082 3.82713e-07
4.1708 3.82729e-07
4.18078 3.82746e-07
4.19075 3.82762e-07
4.20073 3.82778e-07
4.21071 3.82793e-07
4.22069 3.82809e-07
4.23067 3.82824e-07
4.24064 3.82839e-07
4.25062 3.82855e-07
4.2606 3.82869e-07
4.27058 3.82884e-07
4.28056 3.82898e-07
4.29053 3.82913e-07
4.30051 3.82927e-07
4.31049 3.82941e-07
4.32047 3.82954e-07
4.33045 3.82968e-07
4.34042 3.82982e-07
4.3504 3.82994e-07
4.36038 3.83007e-07
4.37036 3.8302e-07
4.38034 3.83033e-07
4.39031 3.83045e-07
4.40029 3.83058e-07
4.41027 3.8307e-07
4.42025 3.83082e-07
4.43023 3.83093e-07
4.4402 3.83105e-07
4.45018 3.83116e-07
4.46016 3.83128e-07
4.47014 3.83138e-07
4.48012 3.83149e-07
4.49009 3.8316e-07
4.50007 3.8317e-07
4.51005 3.83181e-07
4.52003 3.83191e-07
4.53001 3.83201e-07
4.53998 3.8321e-07
4.54996 3.8322e-07
4.55994 3.83229e-07
4.56992 3.83238e-07
4.5799 3.83247e-07
4.58987 3.83257e-07
4.59985 3.83265e-07
4.60983 3.83274e-07
4.61981 3.83282e-07
4.62979 3.8329e-07
4.63976 3.83298e-07
4.64974 3.83306e-07
4.65972 3.83314e-07
4.6697 3.83321e-07
4.67968 3.83328e-07
4.68965 3.83335e-07
4.69963 3.83343e-07
4.70961 3.83349e-07
4.71959 3.83355e-07
4.72957 3.83362e-07
4.73954 3.83368e-07
4.74952 3.83375e-07
4.7595 3.8338e-07
4.76948 3.83386e-07
4.77946 3.83392e-07
4.78943 3.83397e-07
4.79941 3.83402e-07
4.80939 3.83407e-07
4.81937 3.83412e-07
4.82935 3.83416e-07
4.83932 3.83421e-07
4.8493 3.83425e-07
4.85928 3.8343e-07
4.86926 3.83434e-07
4.87924 3.83437e-07
4.88921 3.83441e-07
4.89919 3.83445e-07
4.90917 3.83449e-07
4.91915 3.83451e-07
4.92913 3.83454e-07
4.9391 3.83457e-07
4.94908 3.8346e-07
4.95906 3.83462e-07
4.96904 3.83465e-07
4.97902 3.83467e-07
4.98899 3.83469e-07
4.99897 3.8347e-07
5.00895 3.83472e-07
5.01893 3.83473e-07
5.02891 3.83475e-07
5.03888 3.83476e-07
5.04886 3.83477e-07
5.05884 3.83477e-07
5.06882 3.83478e-07
5.0788 3.83478e-07
5.08877 3.83479e-07
5.09875 3.83479e-07
