# ---X---	---Y---
-2.55436 7.04901e-08
-2.54439 6.49592e-08
-2.53441 5.97818e-08
-2.52443 5.49417e-08
-2.51445 5.04144e-08
-2.50447 4.61827e-08
-2.4945 4.22248e-08
-2.48452 3.85289e-08
-2.47454 3.50806e-08
-2.46456 3.18594e-08
-2.45458 2.88576e-08
-2.44461 2.60593e-08
-2.43463 2.34538e-08
-2.42465 2.10329e-08
-2.41467 1.87836e-08
-2.40469 1.6697e-08
-2.39472 1.47652e-08
-2.38474 1.29822e-08
-2.37476 1.13378e-08
-2.36478 9.82407e-09
-2.35481 8.4384e-09
-2.34483 7.17378e-09
-2.33485 6.02518e-09
-2.32487 4.98809e-09
-2.31489 4.05747e-09
-2.30492 3.22987e-09
-2.29494 2.50209e-09
-2.28496 1.87209e-09
-2.27498 1.33667e-09
-2.265 8.93813e-10
-2.25503 5.41846e-10
-2.24505 2.7925e-10
-2.23507 1.05317e-10
-2.22509 1.97948e-11
-2.21511 2.21808e-11
-2.20514 1.12797e-10
-2.19516 2.92148e-10
-2.18518 5.61304e-10
-2.1752 9.2162e-10
-2.16522 1.37433e-09
-2.15525 1.92241e-09
-2.14527 2.56859e-09
-2.13529 3.31432e-09
-2.12531 4.16344e-09
-2.11533 5.12143e-09
-2.10536 6.19166e-09
-2.09538 7.37765e-09
-2.0854 8.68673e-09
-2.07542 1.01245e-08
-2.06544 1.16943e-08
-2.05547 1.34069e-08
-2.04549 1.52681e-08
-2.03551 1.72873e-08
-2.02553 1.94748e-08
-2.01555 2.18356e-08
-2.00558 2.43834e-08
-1.9956 2.71287e-08
-1.98562 3.00848e-08
-1.97564 3.32685e-08
-1.96566 3.66854e-08
-1.95569 4.0354e-08
-1.94571 4.42944e-08
-1.93573 4.85195e-08
-1.92575 5.30551e-08
-1.91577 5.79128e-08
-1.9058 6.31183e-08
-1.89582 6.86985e-08
-1.88584 7.4672e-08
-1.87586 8.10689e-08
-1.86588 8.7918e-08
-1.85591 9.52537e-08
-1.84593 1.03105e-07
-1.83595 1.11505e-07
-1.82597 1.20496e-07
-1.81599 1.30105e-07
-1.80602 1.40415e-07
-1.79604 1.51456e-07
-1.78606 1.63209e-07
-1.77608 1.75832e-07
-1.7661 1.89371e-07
-1.75613 2.03811e-07
-1.74615 2.19258e-07
-1.73617 2.35762e-07
-1.72619 2.53443e-07
-1.71621 2.72432e-07
-1.70624 2.92725e-07
-1.69626 3.14383e-07
-1.68628 3.37636e-07
-1.6763 3.62555e-07
-1.66632 3.89064e-07
-1.65635 4.17593e-07
-1.64637 4.48148e-07
-1.63639 4.80645e-07
-1.62641 5.15661e-07
-1.61643 5.53133e-07
-1.60646 5.93186e-07
-1.59648 6.36165e-07
-1.5865 6.8211e-07
-1.57652 7.31263e-07
-1.56654 7.83941e-07
-1.55657 8.40535e-07
-1.54659 9.01026e-07
-1.53661 9.6572e-07
-1.52663 1.03525e-06
-1.51665 1.10974e-06
-1.50668 1.18956e-06
-1.4967 1.27484e-06
-1.48672 1.36634e-06
-1.47674 1.4647e-06
-1.46676 1.56995e-06
-1.45679 1.68259e-06
-1.44681 1.80339e-06
-1.43683 1.93293e-06
-1.42685 2.07187e-06
-1.41687 2.22091e-06
-1.4069 2.38054e-06
-1.39692 2.55155e-06
-1.38694 2.73518e-06
-1.37696 2.93206e-06
-1.36698 3.14294e-06
-1.35701 3.3692e-06
-1.34703 3.61196e-06
-1.33705 3.87206e-06
-1.32707 4.15091e-06
-1.31709 4.45007e-06
-1.30712 4.77086e-06
-1.29714 5.11478e-06
-1.28716 5.48323e-06
-1.27718 5.87819e-06
-1.2672 6.30205e-06
-1.25723 6.75625e-06
-1.24725 7.2431e-06
-1.23727 7.76505e-06
-1.22729 8.32385e-06
-1.21731 8.92304e-06
-1.20734 9.56554e-06
-1.19736 1.02535e-05
-1.18738 1.09902e-05
-1.1774 1.17799e-05
-1.16742 1.26259e-05
-1.15745 1.3532e-05
-1.14747 1.45023e-05
-1.13749 1.5541e-05
-1.12751 1.66533e-05
-1.11753 1.78448e-05
-1.10756 1.91186e-05
-1.09758 2.04877e-05
-1.0876 2.1948e-05
-1.07762 2.35147e-05
-1.06764 2.51918e-05
-1.05767 2.69847e-05
-1.04769 2.89067e-05
-1.03771 3.09644e-05
-1.02773 3.31726e-05
-1.01775 3.55384e-05
-1.00778 3.80719e-05
-0.997799 4.07878e-05
-0.987821 4.3715e-05
-0.977843 4.68472e-05
-0.967865 5.02032e-05
-0.957887 5.38252e-05
-0.947909 5.77167e-05
-0.937931 6.19045e-05
-0.927953 6.64269e-05
-0.917975 7.13025e-05
-0.907997 7.65631e-05
-0.898019 8.22681e-05
-0.888041 8.84582e-05
-0.878063 9.51478e-05
-0.868085 0.000102437
-0.858107 0.000110391
-0.848129 0.000119039
-0.838151 0.000128488
-0.828173 0.00013887
-0.818195 0.000150252
-0.808217 0.000162754
-0.798239 0.000176548
-0.788261 0.000191803
-0.778283 0.00020871
-0.768305 0.000227459
-0.758327 0.000248325
-0.748349 0.000271613
-0.738371 0.000297692
-0.728393 0.000326976
-0.718415 0.00035988
-0.708437 0.000396996
-0.698459 0.000439037
-0.688481 0.000486749
-0.678503 0.000541132
-0.668525 0.000603374
-0.658547 0.000674939
-0.648569 0.000757572
-0.638591 0.000853684
-0.628613 0.000966333
-0.618635 0.00109987
-0.608657 0.00126018
-0.598679 0.00145737
-0.588701 0.00170711
-0.578723 0.00205328
-0.568745 0.00262629
-0.558767 0.00337345
-0.548789 0.00411072
-0.538811 0.00470209
-0.528833 0.00531088
-0.518855 0.00595115
-0.508877 0.00662729
-0.498899 0.00734129
-0.488921 0.00809353
-0.478943 0.00888887
-0.468965 0.00972732
-0.458987 0.0106095
-0.449009 0.0115381
-0.439031 0.0125145
-0.429053 0.0135365
-0.419075 0.0146087
-0.409097 0.0157308
-0.399119 0.0169019
-0.389142 0.0181228
-0.379164 0.019394
-0.369186 0.0207167
-0.359208 0.0220897
-0.34923 0.0235125
-0.339252 0.0249855
-0.329274 0.0265082
-0.319296 0.028078
-0.309318 0.029696
-0.29934 0.0313631
-0.289362 0.0330761
-0.279384 0.0348319
-0.269406 0.0366326
-0.259428 0.0384786
-0.24945 0.0403631
-0.239472 0.0422888
-0.229494 0.0442535
-0.219516 0.0462544
-0.209538 0.0482913
-0.19956 0.0503606
-0.189582 0.0524635
-0.179604 0.0545967
-0.169626 0.0567569
-0.159648 0.0589436
-0.14967 0.0611558
-0.139692 0.0633908
-0.129714 0.0656445
-0.119736 0.0679173
-0.109758 0.0702065
-0.0997799 0.0725079
-0.0898019 0.074823
-0.0798239 0.0771467
-0.0698459 0.0794755
-0.0598679 0.081809
-0.0498899 0.0841443
-0.0399119 0.0864797
-0.029934 0.0888131
-0.019956 0.091138
-0.00997799 0.0934544
0 0.0957591
0.00997799 0.0980498
0.019956 0.100323
0.029934 0.102576
0.0399119 0.104807
0.0498899 0.10701
0.0598679 0.109184
0.0698459 0.111325
0.0798239 0.11343
0.0898019 0.115498
0.0997799 0.117522
0.109758 0.119501
0.119736 0.12143
0.129714 0.123307
0.139692 0.125128
0.14967 0.126889
0.159648 0.128587
0.169626 0.130218
0.179604 0.13178
0.189582 0.133268
0.19956 0.134677
0.209538 0.136005
0.219516 0.137249
0.229494 0.138405
0.239472 0.139468
0.24945 0.140436
0.259428 0.141304
0.269406 0.14207
0.279384 0.142729
0.289362 0.143278
0.29934 0.143715
0.309318 0.144035
0.319296 0.144236
0.329274 0.144315
0.339252 0.144268
0.34923 0.144094
0.359208 0.143789
0.369186 0.143351
0.379164 0.142779
0.389142 0.14207
0.399119 0.141222
0.409097 0.140235
0.419075 0.139108
0.429053 0.137839
0.439031 0.136429
0.449009 0.134878
0.458987 0.133186
0.468965 0.131355
0.478943 0.129385
0.488921 0.127279
0.498899 0.125038
0.508877 0.122667
0.518855 0.120169
0.528833 0.117547
0.538811 0.114806
0.548789 0.111953
0.558767 0.108991
0.568745 0.105929
0.578723 0.102772
0.588701 0.099529
0.598679 0.0962074
0.608657 0.0928157
0.618635 0.0893631
0.628613 0.0858592
0.638591 0.0823141
0.648569 0.0787369
0.658547 0.0751389
0.668525 0.0715308
0.678503 0.0679216
0.688481 0.0643246
0.698459 0.0607485
0.708437 0.0572064
0.718415 0.0537051
0.728393 0.0502551
0.738371 0.0468658
0.748349 0.0435495
0.758327 0.0403098
0.768305 0.0371566
0.778283 0.0340964
0.788261 0.0311353
0.798239 0.0282749
0.808217 0.0255201
0.818195 0.0228712
0.828173 0.0203154
0.838151 0.0178056
0.848129 0.014549
0.858107 0.0115283
0.868085 0.00926626
0.878063 0.00798418
0.888041 0.00708932
0.898019 0.00638808
0.907997 0.00581549
0.917975 0.00533381
0.927953 0.0049199
0.937931 0.00455796
0.947909 0.0042366
0.957887 0.00394857
0.967865 0.00368899
0.977843 0.00345214
0.987821 0.00323493
0.997799 0.00303553
1.00778 0.00285071
1.01775 0.00267832
1.02773 0.00251704
1.03771 0.00236697
1.04769 0.00222627
1.05767 0.00209266
1.06764 0.00196824
1.07762 0.00185077
1.0876 0.0017391
1.09758 0.00163438
1.10756 0.00153522
1.11753 0.00144152
1.12751 0.00135295
1.13749 0.00126929
1.14747 0.00119025
1.15745 0.0011156
1.16742 0.00104524
1.1774 0.000978787
1.18738 0.000916147
1.19736 0.000857172
1.20734 0.000801621
1.21731 0.000749388
1.22729 0.00070025
1.23727 0.000654114
1.24725 0.000610776
1.25723 0.00057011
1.2672 0.000531997
1.27718 0.000496286
1.28716 0.000462894
1.29714 0.000431603
1.30712 0.00040231
1.31709 0.000374977
1.32707 0.000349457
1.33705 0.000325585
1.34703 0.000303309
1.35701 0.000282548
1.36698 0.000263164
1.37696 0.000245086
1.38694 0.00022827
1.39692 0.000212594
1.4069 0.00019796
1.41687 0.000184375
1.42685 0.000171711
1.43683 0.000159887
1.44681 0.000148913
1.45679 0.000138712
1.46676 0.000129195
1.47674 0.000120347
1.48672 0.000112117
1.4967 0.000104445
1.50668 9.73166e-05
1.51665 9.06901e-05
1.52663 8.45164e-05
1.53661 7.87584e-05
1.54659 7.34088e-05
1.55657 6.84447e-05
1.56654 6.38139e-05
1.57652 5.94898e-05
1.5865 5.54767e-05
1.59648 5.17489e-05
1.60646 4.82632e-05
1.61643 4.50172e-05
1.62641 4.20075e-05
1.63639 3.91954e-05
1.64637 3.65713e-05
1.65635 3.41267e-05
1.66632 3.18518e-05
1.6763 2.97387e-05
1.68628 2.77639e-05
1.69626 2.59209e-05
1.70624 2.42032e-05
1.71621 2.26046e-05
1.72619 2.11127e-05
1.73617 1.97174e-05
1.74615 1.84175e-05
1.75613 1.72061e-05
1.7661 1.60753e-05
1.77608 1.50202e-05
1.78606 1.40354e-05
1.79604 1.3116e-05
1.80602 1.2258e-05
1.81599 1.14572e-05
1.82597 1.07092e-05
1.83595 1.00104e-05
1.84593 9.35803e-06
1.85591 8.7491e-06
1.86588 8.17979e-06
1.87586 7.64825e-06
1.88584 7.15187e-06
1.89582 6.68792e-06
1.9058 6.25408e-06
1.91577 5.84897e-06
1.92575 5.47051e-06
1.93573 5.11647e-06
1.94571 4.78537e-06
1.95569 4.47616e-06
1.96566 4.18747e-06
1.97564 3.9169e-06
1.98562 3.66419e-06
1.9956 3.42792e-06
2.00558 3.20682e-06
2.01555 3.00041e-06
2.02553 2.80703e-06
2.03551 2.6261e-06
2.04549 2.45701e-06
2.05547 2.29899e-06
2.06544 2.1511e-06
2.07542 2.01243e-06
2.0854 1.883e-06
2.09538 1.76193e-06
2.10536 1.64849e-06
2.11533 1.54232e-06
2.12531 1.44309e-06
2.13529 1.35013e-06
2.14527 1.26316e-06
2.15525 1.18187e-06
2.16522 1.10557e-06
2.1752 1.03431e-06
2.18518 9.6756e-07
2.19516 9.04995e-07
2.20514 8.46541e-07
2.21511 7.91749e-07
2.22509 7.40451e-07
2.23507 6.92474e-07
2.24505 6.47566e-07
2.25503 6.05465e-07
2.265 5.66036e-07
2.27498 5.29053e-07
2.28496 4.94506e-07
2.29494 4.62184e-07
2.30492 4.31788e-07
2.31489 4.03419e-07
2.32487 3.76806e-07
2.33485 3.51864e-07
2.34483 3.28519e-07
2.35481 3.06697e-07
2.36478 2.86171e-07
2.37476 2.66959e-07
2.38474 2.49068e-07
2.39472 2.3223e-07
2.40469 2.16463e-07
2.41467 2.01656e-07
2.42465 1.87764e-07
2.43463 1.74806e-07
2.44461 1.62735e-07
2.45458 1.51343e-07
2.46456 1.40628e-07
2.47454 1.30659e-07
2.48452 1.21309e-07
2.4945 1.12541e-07
2.50447 1.04333e-07
2.51445 9.6651e-08
2.52443 8.94483e-08
2.53441 8.27043e-08
2.54439 7.6394e-08
