# ---X---	---$\sigma/E^\mathrm{*}$---
-5.10873 6.43079e-05
-5.09875 6.43081e-05
-5.08877 6.43093e-05
-5.0788 6.43105e-05
-5.06882 6.43136e-05
-5.05884 6.43171e-05
-5.04886 6.43211e-05
-5.03888 6.43255e-05
-5.02891 6.43306e-05
-5.01893 6.43375e-05
-5.00895 6.43438e-05
-4.99897 6.43506e-05
-4.98899 6.43593e-05
-4.97902 6.43686e-05
-4.96904 6.43784e-05
-4.95906 6.4389e-05
-4.94908 6.44e-05
-4.9391 6.44116e-05
-4.92913 6.44238e-05
-4.91915 6.44378e-05
-4.90917 6.44512e-05
-4.89919 6.44665e-05
-4.88921 6.44823e-05
-4.87924 6.44974e-05
-4.86926 6.45157e-05
-4.85928 6.45332e-05
-4.8493 6.45513e-05
-4.83932 6.45713e-05
-4.82935 6.45905e-05
-4.81937 6.46103e-05
-4.80939 6.4632e-05
-4.79941 6.46556e-05
-4.78943 6.46783e-05
-4.77946 6.47056e-05
-4.76948 6.4723e-05
-4.7595 6.47501e-05
-4.74952 6.47765e-05
-4.73954 6.4802e-05
-4.72957 6.48398e-05
-4.71959 6.4851e-05
-4.70961 6.48873e-05
-4.69963 6.49228e-05
-4.68965 6.49447e-05
-4.67968 6.49787e-05
-4.6697 6.5012e-05
-4.65972 6.50445e-05
-4.64974 6.50763e-05
-4.63976 6.51072e-05
-4.62979 6.51504e-05
-4.61981 6.51928e-05
-4.60983 6.52086e-05
-4.59985 6.52494e-05
-4.58987 6.53024e-05
-4.5799 6.53416e-05
-4.56992 6.53672e-05
-4.55994 6.54049e-05
-4.54996 6.54677e-05
-4.53998 6.55038e-05
-4.53001 6.55391e-05
-4.52003 6.55866e-05
-4.51005 6.56333e-05
-4.50007 6.56791e-05
-4.49009 6.57113e-05
-4.48012 6.57683e-05
-4.47014 6.58247e-05
-4.46016 6.58673e-05
-4.45018 6.5909e-05
-4.4402 6.59628e-05
-4.43023 6.60288e-05
-4.42025 6.60681e-05
-4.41027 6.61194e-05
-4.40029 6.61828e-05
-4.39031 6.62324e-05
-4.38034 6.62812e-05
-4.37036 6.6342e-05
-4.36038 6.6402e-05
-4.3504 6.64611e-05
-4.34042 6.65193e-05
-4.33045 6.65766e-05
-4.32047 6.6646e-05
-4.31049 6.67146e-05
-4.30051 6.67692e-05
-4.29053 6.6823e-05
-4.28056 6.68888e-05
-4.27058 6.69666e-05
-4.2606 6.70306e-05
-4.25062 6.70936e-05
-4.24064 6.71686e-05
-4.23067 6.72298e-05
-4.22069 6.7303e-05
-4.21071 6.73752e-05
-4.20073 6.74464e-05
-4.19075 6.75167e-05
-4.18078 6.7599e-05
-4.1708 6.76802e-05
-4.16082 6.77347e-05
-4.15084 6.7814e-05
-4.14086 6.79053e-05
-4.13089 6.79826e-05
-4.12091 6.80719e-05
-4.11093 6.81472e-05
-4.10095 6.82215e-05
-4.09097 6.83077e-05
-4.081 6.83929e-05
-4.07102 6.8477e-05
-4.06104 6.85601e-05
-4.05106 6.8655e-05
-4.04108 6.87489e-05
-4.03111 6.88417e-05
-4.02113 6.89205e-05
-4.01115 6.90111e-05
-4.00117 6.91136e-05
-3.99119 6.9202e-05
-3.98122 6.93023e-05
-3.97124 6.94014e-05
-3.96126 6.94864e-05
-3.95128 6.95962e-05
-3.94131 6.97049e-05
-3.93133 6.97865e-05
-3.92135 6.98927e-05
-3.91137 6.99979e-05
-3.90139 7.01018e-05
-3.89142 7.02175e-05
-3.88144 7.0319e-05
-3.87146 7.04322e-05
-3.86148 7.05442e-05
-3.8515 7.06421e-05
-3.84153 7.07645e-05
-3.83155 7.08857e-05
-3.82157 7.09927e-05
-3.81159 7.10984e-05
-3.80161 7.12158e-05
-3.79164 7.13447e-05
-3.78166 7.14723e-05
-3.77168 7.15858e-05
-3.7617 7.17108e-05
-3.75172 7.18343e-05
-3.74175 7.19567e-05
-3.73177 7.20905e-05
-3.72179 7.221e-05
-3.71181 7.2341e-05
-3.70183 7.24835e-05
-3.69186 7.26117e-05
-3.68188 7.27385e-05
-3.6719 7.28896e-05
-3.66192 7.30264e-05
-3.65194 7.31487e-05
-3.64197 7.32954e-05
-3.63199 7.34407e-05
-3.62201 7.35843e-05
-3.61203 7.37264e-05
-3.60205 7.38671e-05
-3.59208 7.40319e-05
-3.5821 7.41822e-05
-3.57212 7.4318e-05
-3.56214 7.44781e-05
-3.55216 7.46365e-05
-3.54219 7.47804e-05
-3.53221 7.49484e-05
-3.52223 7.51147e-05
-3.51225 7.52665e-05
-3.50227 7.54295e-05
-3.4923 7.56035e-05
-3.48232 7.57759e-05
-3.47234 7.59336e-05
-3.46236 7.61024e-05
-3.45238 7.62823e-05
-3.44241 7.64475e-05
-3.43243 7.66238e-05
-3.42245 7.68111e-05
-3.41247 7.69836e-05
-3.40249 7.71671e-05
-3.39252 7.73616e-05
-3.38254 7.75413e-05
-3.37256 7.77189e-05
-3.36258 7.79205e-05
-3.3526 7.812e-05
-3.34263 7.83045e-05
-3.33265 7.85e-05
-3.32267 7.86933e-05
-3.31269 7.88974e-05
-3.30271 7.90995e-05
-3.29274 7.92994e-05
-3.28276 7.951e-05
-3.27278 7.97314e-05
-3.2628 7.99376e-05
-3.25282 8.01415e-05
-3.24285 8.03691e-05
-3.23287 8.05943e-05
-3.22289 8.08043e-05
-3.21291 8.10248e-05
-3.20293 8.12559e-05
-3.19296 8.14845e-05
-3.18298 8.17108e-05
-3.173 8.19475e-05
-3.16302 8.21817e-05
-3.15304 8.24133e-05
-3.14307 8.26682e-05
-3.13309 8.29076e-05
-3.12311 8.31573e-05
-3.11313 8.34044e-05
-3.10315 8.36488e-05
-3.09318 8.39034e-05
-3.0832 8.41681e-05
-3.07322 8.44301e-05
-3.06324 8.46892e-05
-3.05326 8.49584e-05
-3.04329 8.52247e-05
-3.03331 8.5501e-05
-3.02333 8.57743e-05
-3.01335 8.60446e-05
-3.00337 8.63248e-05
-2.9934 8.66149e-05
-2.98342 8.69018e-05
-2.97344 8.71985e-05
-2.96346 8.7492e-05
-2.95348 8.77822e-05
-2.94351 8.80821e-05
-2.93353 8.83915e-05
-2.92355 8.87105e-05
-2.91357 8.90132e-05
-2.90359 8.93124e-05
-2.89362 8.96469e-05
-2.88364 8.99648e-05
-2.87366 9.02792e-05
-2.86368 9.06288e-05
-2.8537 9.09616e-05
-2.84373 9.12907e-05
-2.83375 9.16289e-05
-2.82377 9.19762e-05
-2.81379 9.23196e-05
-2.80381 9.26719e-05
-2.79384 9.30331e-05
-2.78386 9.33902e-05
-2.77388 9.37691e-05
-2.7639 9.41308e-05
-2.75392 9.45013e-05
-2.74395 9.48803e-05
-2.73397 9.52679e-05
-2.72399 9.56639e-05
-2.71401 9.60425e-05
-2.70403 9.64296e-05
-2.69406 9.68377e-05
-2.68408 9.72542e-05
-2.6741 9.76658e-05
-2.66412 9.80726e-05
-2.65414 9.84875e-05
-2.64417 9.89232e-05
-2.63419 9.93538e-05
-2.62421 9.97922e-05
-2.61423 0.000100238
-2.60425 0.000100679
-2.59428 0.000101128
-2.5843 0.000101584
-2.57432 0.00010206
-2.56434 0.00010253
-2.55436 0.000102995
-2.54439 0.00010348
-2.53441 0.000104011
-2.52443 0.000104419
-2.51445 0.000104938
-2.50447 0.000105477
-2.4945 0.000106009
-2.48452 0.000106534
-2.47454 0.000106924
-2.46456 0.000107566
-2.45458 0.000108202
-2.44461 0.000108572
-2.43463 0.000109194
-2.42465 0.000109808
-2.41467 0.000110287
-2.40469 0.000110887
-2.39472 0.00011148
-2.38474 0.000112065
-2.37476 0.000112643
-2.36478 0.000113213
-2.35481 0.000113905
-2.34483 0.000114588
-2.33485 0.000115135
-2.32487 0.000115802
-2.31489 0.000116332
-2.30492 0.000116982
-2.29494 0.000117753
-2.28496 0.000118515
-2.27498 0.000119138
-2.265 0.000119753
-2.25503 0.000120488
-2.24505 0.000121213
-2.23507 0.000121929
-2.22509 0.000122634
-2.21511 0.000123459
-2.20514 0.000124144
-2.19516 0.000124819
-2.18518 0.000125613
-2.1752 0.000126525
-2.16522 0.000127297
-2.15525 0.000128058
-2.14527 0.000128937
-2.13529 0.000129675
-2.12531 0.000130531
-2.11533 0.000131374
-2.10536 0.000132335
-2.09538 0.000133283
-2.0854 0.00013396
-2.07542 0.000134883
-2.06544 0.000135922
-2.05547 0.000136817
-2.04549 0.0001377
-2.03551 0.000138697
-2.02553 0.00013981
-2.01555 0.000140649
-2.00558 0.000141603
-1.9956 0.0001428
-1.98562 0.000143724
-1.97564 0.000144761
-1.96566 0.000145911
-1.95569 0.000146916
-1.94571 0.000148033
-1.93573 0.000149263
-1.92575 0.000150346
-1.91577 0.00015141
-1.9058 0.000152587
-1.89582 0.000153874
-1.88584 0.000155142
-1.87586 0.000156262
-1.86588 0.000157491
-1.85591 0.000158829
-1.84593 0.000160146
-1.83595 0.000161443
-1.82597 0.000162718
-1.81599 0.000164101
-1.80602 0.000165461
-1.79604 0.000166927
-1.78606 0.000168371
-1.77608 0.00016979
-1.7661 0.000171314
-1.75613 0.000172683
-1.74615 0.000174286
-1.73617 0.000175862
-1.72619 0.000177411
-1.71621 0.000179062
-1.70624 0.000180686
-1.69626 0.000182409
-1.68628 0.000184104
-1.6763 0.000185768
-1.66632 0.00018753
-1.65635 0.00018939
-1.64637 0.000191218
-1.63639 0.000193142
-1.62641 0.000195032
-1.61643 0.000196888
-1.60646 0.000198836
-1.59648 0.000200878
-1.5865 0.000202882
-1.57652 0.000204977
-1.56654 0.000207161
-1.55657 0.000209305
-1.54659 0.000211538
-1.53661 0.000213727
-1.52663 0.000216003
-1.51665 0.000218363
-1.50668 0.000220805
-1.4967 0.000223201
-1.48672 0.000225678
-1.47674 0.000228363
-1.46676 0.000230868
-1.45679 0.00023345
-1.44681 0.000236236
-1.43683 0.000238966
-1.42685 0.00024164
-1.41687 0.000244514
-1.4069 0.000247585
-1.39692 0.000250595
-1.38694 0.000253669
-1.37696 0.000256808
-1.36698 0.000259879
-1.35701 0.000263268
-1.34703 0.000266585
-1.33705 0.000269958
-1.32707 0.000273514
-1.31709 0.00027699
-1.30712 0.000280775
-1.29714 0.000284476
-1.28716 0.000288349
-1.27718 0.000292263
-1.2672 0.000296216
-1.25723 0.000300462
-1.24725 0.00030461
-1.23727 0.000308917
-1.22729 0.00031325
-1.21731 0.000317734
-1.20734 0.000322495
-1.19736 0.000327272
-1.18738 0.000332188
-1.1774 0.000337242
-1.16742 0.000342298
-1.15745 0.000347483
-1.14747 0.000352921
-1.13749 0.000358606
-1.12751 0.000364278
-1.11753 0.000370058
-1.10756 0.000376072
-1.09758 0.000382185
-1.0876 0.000388522
-1.07762 0.000395076
-1.06764 0.000401845
-1.05767 0.000408563
-1.04769 0.000415747
-1.03771 0.000422873
-1.02773 0.000430847
-1.01775 0.000427766
-1.00778 0.000366166
-0.997799 -0.0119397
-0.987821 -0.0201788
-0.977843 -0.0262962
-0.967865 -0.0312257
-0.957887 -0.0355227
-0.947909 -0.0393119
-0.937931 -0.0427676
-0.927953 -0.045926
-0.917975 -0.0488696
-0.907997 -0.0516121
-0.898019 -0.0542
-0.888041 -0.0566401
-0.878063 -0.0589614
-0.868085 -0.0611674
-0.858107 -0.0632785
-0.848129 -0.0652958
-0.838151 -0.0672346
-0.828173 -0.0690952
-0.818195 -0.0708889
-0.808217 -0.0726159
-0.798239 -0.0742852
-0.788261 -0.0758964
-0.778283 -0.0774565
-0.768305 -0.0789654
-0.758327 -0.0804292
-0.748349 -0.0818472
-0.738371 -0.0832241
-0.728393 -0.0845598
-0.718415 -0.0858583
-0.708437 -0.0871191
-0.698459 -0.0883461
-0.688481 -0.0895384
-0.678503 -0.0906993
-0.668525 -0.0918283
-0.658547 -0.0929277
-0.648569 -0.0939977
-0.638591 -0.0950406
-0.628613 -0.0960556
-0.618635 -0.0970449
-0.608657 -0.0980083
-0.598679 -0.0989473
-0.588701 -0.0998623
-0.578723 -0.100754
-0.568745 -0.101622
-0.558767 -0.102469
-0.548789 -0.103294
-0.538811 -0.104098
-0.528833 -0.10488
-0.518855 -0.105643
-0.508877 -0.106386
-0.498899 -0.107109
-0.488921 -0.107814
-0.478943 -0.1085
-0.468965 -0.109168
-0.458987 -0.109817
-0.449009 -0.110449
-0.439031 -0.111064
-0.429053 -0.111661
-0.419075 -0.112242
-0.409097 -0.112807
-0.399119 -0.113355
-0.389142 -0.113887
-0.379164 -0.114403
-0.369186 -0.114904
-0.359208 -0.115389
-0.34923 -0.115859
-0.339252 -0.116314
-0.329274 -0.116754
-0.319296 -0.117179
-0.309318 -0.117589
-0.29934 -0.117986
-0.289362 -0.118368
-0.279384 -0.118736
-0.269406 -0.11909
-0.259428 -0.119431
-0.24945 -0.119757
-0.239472 -0.12007
-0.229494 -0.120369
-0.219516 -0.120655
-0.209538 -0.120928
-0.19956 -0.121187
-0.189582 -0.121433
-0.179604 -0.121666
-0.169626 -0.121886
-0.159648 -0.122093
-0.14967 -0.122287
-0.139692 -0.122468
-0.129714 -0.122637
-0.119736 -0.122794
-0.109758 -0.122937
-0.0997799 -0.123068
-0.0898019 -0.123185
-0.0798239 -0.123291
-0.0698459 -0.123384
-0.0598679 -0.123465
-0.0498899 -0.123534
-0.0399119 -0.123589
-0.029934 -0.123632
-0.019956 -0.123663
-0.00997799 -0.123682
0 -0.123688
0.00997799 -0.123682
0.019956 -0.123663
0.029934 -0.123632
0.0399119 -0.123589
0.0498899 -0.123534
0.0598679 -0.123465
0.0698459 -0.123384
0.0798239 -0.123291
0.0898019 -0.123185
0.0997799 -0.123068
0.109758 -0.122937
0.119736 -0.122794
0.129714 -0.122637
0.139692 -0.122468
0.14967 -0.122287
0.159648 -0.122093
0.169626 -0.121886
0.179604 -0.121666
0.189582 -0.121433
0.19956 -0.121187
0.209538 -0.120928
0.219516 -0.120655
0.229494 -0.120369
0.239472 -0.12007
0.24945 -0.119757
0.259428 -0.119431
0.269406 -0.11909
0.279384 -0.118736
0.289362 -0.118368
0.29934 -0.117986
0.309318 -0.117589
0.319296 -0.117179
0.329274 -0.116754
0.339252 -0.116314
0.34923 -0.115859
0.359208 -0.115389
0.369186 -0.114904
0.379164 -0.114403
0.389142 -0.113887
0.399119 -0.113355
0.409097 -0.112807
0.419075 -0.112242
0.429053 -0.111661
0.439031 -0.111064
0.449009 -0.110449
0.458987 -0.109817
0.468965 -0.109168
0.478943 -0.1085
0.488921 -0.107814
0.498899 -0.107109
0.508877 -0.106386
0.518855 -0.105643
0.528833 -0.10488
0.538811 -0.104098
0.548789 -0.103294
0.558767 -0.102469
0.568745 -0.101622
0.578723 -0.100754
0.588701 -0.0998623
0.598679 -0.0989473
0.608657 -0.0980083
0.618635 -0.0970449
0.628613 -0.0960556
0.638591 -0.0950406
0.648569 -0.0939977
0.658547 -0.0929277
0.668525 -0.0918283
0.678503 -0.0906993
0.688481 -0.0895384
0.698459 -0.0883461
0.708437 -0.0871191
0.718415 -0.0858583
0.728393 -0.0845598
0.738371 -0.0832241
0.748349 -0.0818472
0.758327 -0.0804292
0.768305 -0.0789654
0.778283 -0.0774565
0.788261 -0.0758964
0.798239 -0.0742852
0.808217 -0.0726159
0.818195 -0.0708889
0.828173 -0.0690952
0.838151 -0.0672346
0.848129 -0.0652958
0.858107 -0.0632785
0.868085 -0.0611674
0.878063 -0.0589614
0.888041 -0.0566401
0.898019 -0.0542
0.907997 -0.0516121
0.917975 -0.0488696
0.927953 -0.045926
0.937931 -0.0427676
0.947909 -0.0393119
0.957887 -0.0355227
0.967865 -0.0312257
0.977843 -0.0262962
0.987821 -0.0201788
0.997799 -0.0119397
1.00778 0.000366166
1.01775 0.000427766
1.02773 0.000430847
1.03771 0.000422873
1.04769 0.000415747
1.05767 0.000408563
1.06764 0.000401845
1.07762 0.000395076
1.0876 0.000388522
1.09758 0.000382185
1.10756 0.000376072
1.11753 0.000370058
1.12751 0.000364278
1.13749 0.000358606
1.14747 0.000352921
1.15745 0.000347483
1.16742 0.000342298
1.1774 0.000337242
1.18738 0.000332188
1.19736 0.000327272
1.20734 0.000322495
1.21731 0.000317734
1.22729 0.00031325
1.23727 0.000308917
1.24725 0.00030461
1.25723 0.000300462
1.2672 0.000296216
1.27718 0.000292263
1.28716 0.000288349
1.29714 0.000284476
1.30712 0.000280775
1.31709 0.00027699
1.32707 0.000273514
1.33705 0.000269958
1.34703 0.000266585
1.35701 0.000263268
1.36698 0.000259879
1.37696 0.000256808
1.38694 0.000253669
1.39692 0.000250595
1.4069 0.000247585
1.41687 0.000244514
1.42685 0.00024164
1.43683 0.000238966
1.44681 0.000236236
1.45679 0.00023345
1.46676 0.000230868
1.47674 0.000228363
1.48672 0.000225678
1.4967 0.000223201
1.50668 0.000220805
1.51665 0.000218363
1.52663 0.000216003
1.53661 0.000213727
1.54659 0.000211538
1.55657 0.000209305
1.56654 0.000207161
1.57652 0.000204977
1.5865 0.000202882
1.59648 0.000200878
1.60646 0.000198836
1.61643 0.000196888
1.62641 0.000195032
1.63639 0.000193142
1.64637 0.000191218
1.65635 0.00018939
1.66632 0.00018753
1.6763 0.000185768
1.68628 0.000184104
1.69626 0.000182409
1.70624 0.000180686
1.71621 0.000179062
1.72619 0.000177411
1.73617 0.000175862
1.74615 0.000174286
1.75613 0.000172683
1.7661 0.000171314
1.77608 0.00016979
1.78606 0.000168371
1.79604 0.000166927
1.80602 0.000165461
1.81599 0.000164101
1.82597 0.000162718
1.83595 0.000161443
1.84593 0.000160146
1.85591 0.000158829
1.86588 0.000157491
1.87586 0.000156262
1.88584 0.000155142
1.89582 0.000153874
1.9058 0.000152587
1.91577 0.00015141
1.92575 0.000150346
1.93573 0.000149263
1.94571 0.000148033
1.95569 0.000146916
1.96566 0.000145911
1.97564 0.000144761
1.98562 0.000143724
1.9956 0.0001428
2.00558 0.000141603
2.01555 0.000140649
2.02553 0.00013981
2.03551 0.000138697
2.04549 0.0001377
2.05547 0.000136817
2.06544 0.000135922
2.07542 0.000134883
2.0854 0.00013396
2.09538 0.000133283
2.10536 0.000132335
2.11533 0.000131374
2.12531 0.000130531
2.13529 0.000129675
2.14527 0.000128937
2.15525 0.000128058
2.16522 0.000127297
2.1752 0.000126525
2.18518 0.000125613
2.19516 0.000124819
2.20514 0.000124144
2.21511 0.000123459
2.22509 0.000122634
2.23507 0.000121929
2.24505 0.000121213
2.25503 0.000120488
2.265 0.000119753
2.27498 0.000119138
2.28496 0.000118515
2.29494 0.000117753
2.30492 0.000116982
2.31489 0.000116332
2.32487 0.000115802
2.33485 0.000115135
2.34483 0.000114588
2.35481 0.000113905
2.36478 0.000113213
2.37476 0.000112643
2.38474 0.000112065
2.39472 0.00011148
2.40469 0.000110887
2.41467 0.000110287
2.42465 0.000109808
2.43463 0.000109194
2.44461 0.000108572
2.45458 0.000108202
2.46456 0.000107566
2.47454 0.000106924
2.48452 0.000106534
2.4945 0.000106009
2.50447 0.000105477
2.51445 0.000104938
2.52443 0.000104419
2.53441 0.000104011
2.54439 0.00010348
2.55436 0.000102995
2.56434 0.00010253
2.57432 0.00010206
2.5843 0.000101584
2.59428 0.000101128
2.60425 0.000100679
2.61423 0.000100238
2.62421 9.97922e-05
2.63419 9.93538e-05
2.64417 9.89232e-05
2.65414 9.84875e-05
2.66412 9.80726e-05
2.6741 9.76658e-05
2.68408 9.72542e-05
2.69406 9.68377e-05
2.70403 9.64296e-05
2.71401 9.60425e-05
2.72399 9.56639e-05
2.73397 9.52679e-05
2.74395 9.48803e-05
2.75392 9.45013e-05
2.7639 9.41308e-05
2.77388 9.37691e-05
2.78386 9.33902e-05
2.79384 9.30331e-05
2.80381 9.26719e-05
2.81379 9.23196e-05
2.82377 9.19762e-05
2.83375 9.16289e-05
2.84373 9.12907e-05
2.8537 9.09616e-05
2.86368 9.06288e-05
2.87366 9.02792e-05
2.88364 8.99648e-05
2.89362 8.96469e-05
2.90359 8.93124e-05
2.91357 8.90132e-05
2.92355 8.87105e-05
2.93353 8.83915e-05
2.94351 8.80821e-05
2.95348 8.77822e-05
2.96346 8.7492e-05
2.97344 8.71985e-05
2.98342 8.69018e-05
2.9934 8.66149e-05
3.00337 8.63248e-05
3.01335 8.60446e-05
3.02333 8.57743e-05
3.03331 8.5501e-05
3.04329 8.52247e-05
3.05326 8.49584e-05
3.06324 8.46892e-05
3.07322 8.44301e-05
3.0832 8.41681e-05
3.09318 8.39034e-05
3.10315 8.36488e-05
3.11313 8.34044e-05
3.12311 8.31573e-05
3.13309 8.29076e-05
3.14307 8.26682e-05
3.15304 8.24133e-05
3.16302 8.21817e-05
3.173 8.19475e-05
3.18298 8.17108e-05
3.19296 8.14845e-05
3.20293 8.12559e-05
3.21291 8.10248e-05
3.22289 8.08043e-05
3.23287 8.05943e-05
3.24285 8.03691e-05
3.25282 8.01415e-05
3.2628 7.99376e-05
3.27278 7.97314e-05
3.28276 7.951e-05
3.29274 7.92994e-05
3.30271 7.90995e-05
3.31269 7.88974e-05
3.32267 7.86933e-05
3.33265 7.85e-05
3.34263 7.83045e-05
3.3526 7.812e-05
3.36258 7.79205e-05
3.37256 7.77189e-05
3.38254 7.75413e-05
3.39252 7.73616e-05
3.40249 7.71671e-05
3.41247 7.69836e-05
3.42245 7.68111e-05
3.43243 7.66238e-05
3.44241 7.64475e-05
3.45238 7.62823e-05
3.46236 7.61024e-05
3.47234 7.59336e-05
3.48232 7.57759e-05
3.4923 7.56035e-05
3.50227 7.54295e-05
3.51225 7.52665e-05
3.52223 7.51147e-05
3.53221 7.49484e-05
3.54219 7.47804e-05
3.55216 7.46365e-05
3.56214 7.44781e-05
3.57212 7.4318e-05
3.5821 7.41822e-05
3.59208 7.40319e-05
3.60205 7.38671e-05
3.61203 7.37264e-05
3.62201 7.35843e-05
3.63199 7.34407e-05
3.64197 7.32954e-05
3.65194 7.31487e-05
3.66192 7.30264e-05
3.6719 7.28896e-05
3.68188 7.27385e-05
3.69186 7.26117e-05
3.70183 7.24835e-05
3.71181 7.2341e-05
3.72179 7.221e-05
3.73177 7.20905e-05
3.74175 7.19567e-05
3.75172 7.18343e-05
3.7617 7.17108e-05
3.77168 7.15858e-05
3.78166 7.14723e-05
3.79164 7.13447e-05
3.80161 7.12158e-05
3.81159 7.10984e-05
3.82157 7.09927e-05
3.83155 7.08857e-05
3.84153 7.07645e-05
3.8515 7.06421e-05
3.86148 7.05442e-05
3.87146 7.04322e-05
3.88144 7.0319e-05
3.89142 7.02175e-05
3.90139 7.01018e-05
3.91137 6.99979e-05
3.92135 6.98927e-05
3.93133 6.97865e-05
3.94131 6.97049e-05
3.95128 6.95962e-05
3.96126 6.94864e-05
3.97124 6.94014e-05
3.98122 6.93023e-05
3.99119 6.9202e-05
4.00117 6.91136e-05
4.01115 6.90111e-05
4.02113 6.89205e-05
4.03111 6.88417e-05
4.04108 6.87489e-05
4.05106 6.8655e-05
4.06104 6.85601e-05
4.07102 6.8477e-05
4.081 6.83929e-05
4.09097 6.83077e-05
4.10095 6.82215e-05
4.11093 6.81472e-05
4.12091 6.80719e-05
4.13089 6.79826e-05
4.14086 6.79053e-05
4.15084 6.7814e-05
4.16082 6.77347e-05
4.1708 6.76802e-05
4.18078 6.7599e-05
4.19075 6.75167e-05
4.20073 6.74464e-05
4.21071 6.73752e-05
4.22069 6.7303e-05
4.23067 6.72298e-05
4.24064 6.71686e-05
4.25062 6.70936e-05
4.2606 6.70306e-05
4.27058 6.69666e-05
4.28056 6.68888e-05
4.29053 6.6823e-05
4.30051 6.67692e-05
4.31049 6.67146e-05
4.32047 6.6646e-05
4.33045 6.65766e-05
4.34042 6.65193e-05
4.3504 6.64611e-05
4.36038 6.6402e-05
4.37036 6.6342e-05
4.38034 6.62812e-05
4.39031 6.62324e-05
4.40029 6.61828e-05
4.41027 6.61194e-05
4.42025 6.60681e-05
4.43023 6.60288e-05
4.4402 6.59628e-05
4.45018 6.5909e-05
4.46016 6.58673e-05
4.47014 6.58247e-05
4.48012 6.57683e-05
4.49009 6.57113e-05
4.50007 6.56791e-05
4.51005 6.56333e-05
4.52003 6.55866e-05
4.53001 6.55391e-05
4.53998 6.55038e-05
4.54996 6.54677e-05
4.55994 6.54049e-05
4.56992 6.53672e-05
4.5799 6.53416e-05
4.58987 6.53024e-05
4.59985 6.52494e-05
4.60983 6.52086e-05
4.61981 6.51928e-05
4.62979 6.51504e-05
4.63976 6.51072e-05
4.64974 6.50763e-05
4.65972 6.50445e-05
4.6697 6.5012e-05
4.67968 6.49787e-05
4.68965 6.49447e-05
4.69963 6.49228e-05
4.70961 6.48873e-05
4.71959 6.4851e-05
4.72957 6.48398e-05
4.73954 6.4802e-05
4.74952 6.47765e-05
4.7595 6.47501e-05
4.76948 6.4723e-05
4.77946 6.47056e-05
4.78943 6.46783e-05
4.79941 6.46556e-05
4.80939 6.4632e-05
4.81937 6.46103e-05
4.82935 6.45905e-05
4.83932 6.45713e-05
4.8493 6.45513e-05
4.85928 6.45332e-05
4.86926 6.45157e-05
4.87924 6.44974e-05
4.88921 6.44823e-05
4.89919 6.44665e-05
4.90917 6.44512e-05
4.91915 6.44378e-05
4.92913 6.44238e-05
4.9391 6.44116e-05
4.94908 6.44e-05
4.95906 6.4389e-05
4.96904 6.43784e-05
4.97902 6.43686e-05
4.98899 6.43593e-05
4.99897 6.43506e-05
5.00895 6.43438e-05
5.01893 6.43375e-05
5.02891 6.43306e-05
5.03888 6.43255e-05
5.04886 6.43211e-05
5.05884 6.43171e-05
5.06882 6.43136e-05
5.0788 6.43105e-05
5.08877 6.43093e-05
5.09875 6.43081e-05
