# ---$r/a_\mathrm{H}$---	---Y---
-5.10873 1.72782e-11
-5.09875 1.72779e-11
-5.08877 1.72761e-11
-5.0788 1.72727e-11
-5.06882 1.72677e-11
-5.05884 1.7262e-11
-5.04886 1.72553e-11
-5.03888 1.72442e-11
-5.02891 1.72339e-11
-5.01893 1.72255e-11
-5.00895 1.72124e-11
-4.99897 1.71989e-11
-4.98899 1.71801e-11
-4.97902 1.71624e-11
-4.96904 1.71492e-11
-4.95906 1.71254e-11
-4.94908 1.71036e-11
-4.9391 1.70824e-11
-4.92913 1.70592e-11
-4.91915 1.70342e-11
-4.90917 1.70089e-11
-4.89919 1.69747e-11
-4.88921 1.69464e-11
-4.87924 1.69241e-11
-4.86926 1.68853e-11
-4.85928 1.68541e-11
-4.8493 1.68292e-11
-4.83932 1.67861e-11
-4.82935 1.67506e-11
-4.81937 1.67042e-11
-4.80939 1.66671e-11
-4.79941 1.66384e-11
-4.78943 1.65993e-11
-4.77946 1.65587e-11
-4.76948 1.65056e-11
-4.7595 1.64627e-11
-4.74952 1.6419e-11
-4.73954 1.63746e-11
-4.72957 1.6329e-11
-4.71959 1.62706e-11
-4.70961 1.6235e-11
-4.69963 1.61739e-11
-4.68965 1.61253e-11
-4.67968 1.6075e-11
-4.6697 1.60109e-11
-4.65972 1.59592e-11
-4.64974 1.59065e-11
-4.63976 1.58399e-11
-4.62979 1.58036e-11
-4.61981 1.5659e-11
-4.60983 1.56159e-11
-4.59985 1.55745e-11
-4.58987 1.5529e-11
-4.5799 1.54918e-11
-4.56992 1.52928e-11
-4.55994 1.5412e-11
-4.54996 1.53694e-11
-4.53998 1.53229e-11
-4.53001 1.51194e-11
-4.52003 1.50756e-11
-4.51005 1.50285e-11
-4.50007 1.49838e-11
-4.49009 1.4947e-11
-4.48012 1.49011e-11
-4.47014 1.46822e-11
-4.46016 1.48161e-11
-4.45018 1.45882e-11
-4.4402 1.45447e-11
-4.43023 1.45034e-11
-4.42025 1.44592e-11
-4.41027 1.44121e-11
-4.40029 1.41832e-11
-4.39031 1.41398e-11
-4.38034 1.40936e-11
-4.37036 1.405e-11
-4.36038 1.40088e-11
-4.3504 1.37749e-11
-4.34042 1.3728e-11
-4.33045 1.36791e-11
-4.32047 1.36369e-11
-4.31049 1.3597e-11
-4.30051 1.35505e-11
-4.29053 1.33123e-11
-4.28056 1.34651e-11
-4.27058 1.32257e-11
-4.2606 1.31841e-11
-4.25062 1.31448e-11
-4.24064 1.30993e-11
-4.23067 1.2859e-11
-4.22069 1.28184e-11
-4.21071 1.29783e-11
-4.20073 1.274e-11
-4.19075 1.2695e-11
-4.18078 1.24571e-11
-4.1708 1.24201e-11
-4.16082 1.23821e-11
-4.15084 1.23429e-11
-4.14086 1.23026e-11
-4.13089 1.22645e-11
-4.12091 1.22289e-11
-4.11093 1.19928e-11
-4.10095 1.21544e-11
-4.09097 1.19199e-11
-4.081 1.1887e-11
-4.07102 1.16542e-11
-4.06104 1.1617e-11
-4.05106 1.1585e-11
-4.04108 1.1555e-11
-4.03111 1.15187e-11
-4.02113 1.14877e-11
-4.01115 1.12618e-11
-4.00117 1.12301e-11
-3.99119 1.12007e-11
-3.98122 1.11708e-11
-3.97124 1.0948e-11
-3.96126 1.09204e-11
-3.95128 1.08927e-11
-3.94131 1.08674e-11
-3.93133 1.06486e-11
-3.92135 1.06254e-11
-3.91137 1.05997e-11
-3.90139 1.05761e-11
-3.89142 1.03647e-11
-3.88144 1.03418e-11
-3.87146 1.03208e-11
-3.86148 1.03e-11
-3.8515 1.00921e-11
-3.84153 1.00739e-11
-3.83155 1.00561e-11
-3.82157 9.85648e-12
-3.81159 9.83895e-12
-3.80161 9.82077e-12
-3.79164 9.8084e-12
-3.78166 9.61055e-12
-3.77168 9.59741e-12
-3.7617 9.58868e-12
-3.75172 9.39759e-12
-3.74175 9.3865e-12
-3.73177 9.37649e-12
-3.72179 9.19254e-12
-3.71181 9.18548e-12
-3.70183 9.17629e-12
-3.69186 9.16825e-12
-3.68188 8.99372e-12
-3.6719 8.99022e-12
-3.66192 8.81488e-12
-3.65194 8.81181e-12
-3.64197 8.6449e-12
-3.63199 8.64447e-12
-3.62201 8.64439e-12
-3.61203 8.48077e-12
-3.60205 8.48213e-12
-3.59208 8.3246e-12
-3.5821 8.32883e-12
-3.57212 8.33488e-12
-3.56214 8.18181e-12
-3.55216 8.18653e-12
-3.54219 8.03927e-12
-3.53221 8.04768e-12
-3.52223 8.05791e-12
-3.51225 7.91636e-12
-3.50227 7.92573e-12
-3.4923 7.78768e-12
-3.48232 7.65258e-12
-3.47234 7.66817e-12
-3.46236 7.6822e-12
-3.45238 7.55266e-12
-3.44241 7.4277e-12
-3.43243 7.44589e-12
-3.42245 7.46356e-12
-3.41247 7.34295e-12
-3.40249 7.36413e-12
-3.39252 7.24726e-12
-3.38254 7.27001e-12
-3.37256 7.15786e-12
-3.36258 7.04686e-12
-3.3526 6.94039e-12
-3.34263 6.9689e-12
-3.33265 6.86476e-12
-3.32267 6.89375e-12
-3.31269 6.79596e-12
-3.30271 6.82571e-12
-3.29274 6.72973e-12
-3.28276 6.63917e-12
-3.27278 6.67354e-12
-3.2628 6.58379e-12
-3.25282 6.61969e-12
-3.24285 6.5353e-12
-3.23287 6.57153e-12
-3.22289 6.37226e-12
-3.21291 6.41315e-12
-3.20293 6.33613e-12
-3.19296 6.26295e-12
-3.18298 6.30674e-12
-3.173 6.23587e-12
-3.16302 6.16792e-12
-3.15304 6.214e-12
-3.14307 6.14891e-12
-3.13309 6.08715e-12
-3.12311 6.02798e-12
-3.11313 5.97053e-12
-3.10315 5.9161e-12
-3.09318 5.96777e-12
-3.0832 5.91577e-12
-3.07322 5.86672e-12
-3.06324 5.81918e-12
-3.05326 5.77316e-12
-3.04329 5.72954e-12
-3.03331 5.68843e-12
-3.02333 5.64876e-12
-3.01335 5.71161e-12
-3.00337 5.57688e-12
-2.9934 5.5437e-12
-2.98342 5.51296e-12
-2.97344 5.48362e-12
-2.96346 5.55203e-12
-2.95348 5.43058e-12
-2.94351 5.40783e-12
-2.93353 5.38751e-12
-2.92355 5.36787e-12
-2.91357 5.34978e-12
-2.90359 5.33429e-12
-2.89362 5.32139e-12
-2.88364 5.22006e-12
-2.87366 5.30066e-12
-2.86368 5.20383e-12
-2.8537 5.19917e-12
-2.84373 5.19629e-12
-2.83375 5.10687e-12
-2.82377 5.10891e-12
-2.81379 5.11294e-12
-2.80381 5.11788e-12
-2.79384 5.03905e-12
-2.78386 5.0492e-12
-2.77388 5.06139e-12
-2.7639 5.07563e-12
-2.75392 5.00756e-12
-2.74395 5.0256e-12
-2.73397 5.04677e-12
-2.72399 4.15104e-12
-2.71401 5.0969e-12
-2.70403 4.37195e-12
-2.69406 4.48793e-12
-2.68408 5.43732e-12
-2.6741 5.55583e-12
-2.66412 5.67859e-12
-2.65414 4.97165e-12
-2.64417 5.09989e-12
-2.63419 4.39887e-12
-2.62421 5.36536e-12
-2.61423 4.66674e-12
-2.60425 4.80668e-12
-2.59428 4.95058e-12
-2.5843 5.09914e-12
-2.57432 4.40352e-12
-2.56434 4.55488e-12
-2.55436 4.7155e-12
-2.54439 4.88045e-12
-2.53441 5.04964e-12
-2.52443 4.34781e-12
-2.51445 4.52526e-12
-2.50447 4.70508e-12
-2.4945 4.89678e-12
-2.48452 5.09854e-12
-2.47454 4.37415e-12
-2.46456 4.58233e-12
-2.45458 4.79866e-12
-2.44461 5.03012e-12
-2.43463 5.27606e-12
-2.42465 5.53672e-12
-2.41467 5.8159e-12
-2.40469 5.04e-12
-2.39472 5.33284e-12
-2.38474 5.65067e-12
-2.37476 4.81796e-12
-2.36478 5.14979e-12
-2.35481 5.52218e-12
-2.34483 5.93161e-12
-2.33485 6.39212e-12
-2.32487 5.43883e-12
-2.31489 5.943e-12
-2.30492 6.52465e-12
-2.29494 7.20637e-12
-2.28496 6.08216e-12
-2.27498 6.88772e-12
-2.265 7.88851e-12
-2.25503 9.18848e-12
-2.24505 7.81276e-12
-2.23507 9.68875e-12
-2.22509 1.26655e-11
-2.21511 1.78803e-11
-2.20514 2.97552e-11
-2.19516 5.85219e-11
-2.18518 0.99999
-2.1752 0.999989
-2.16522 0.999989
-2.15525 0.99999
-2.14527 0.999989
-2.13529 0.999989
-2.12531 0.999989
-2.11533 0.999989
-2.10536 0.999989
-2.09538 0.999989
-2.0854 0.999988
-2.07542 0.999988
-2.06544 0.999988
-2.05547 0.999988
-2.04549 0.999988
-2.03551 0.999988
-2.02553 0.999988
-2.01555 0.999988
-2.00558 0.999988
-1.9956 0.999988
-1.98562 0.999988
-1.97564 0.999987
-1.96566 0.999987
-1.95569 0.999987
-1.94571 0.999987
-1.93573 0.999986
-1.92575 0.999986
-1.91577 0.999986
-1.9058 0.999986
-1.89582 0.999986
-1.88584 0.999986
-1.87586 0.999986
-1.86588 0.999986
-1.85591 0.999986
-1.84593 0.999986
-1.83595 0.999986
-1.82597 0.999985
-1.81599 0.999985
-1.80602 0.999985
-1.79604 0.999985
-1.78606 0.999984
-1.77608 0.999984
-1.7661 0.999984
-1.75613 0.999984
-1.74615 0.999984
-1.73617 0.999983
-1.72619 0.999983
-1.71621 0.999983
-1.70624 0.999983
-1.69626 0.999983
-1.68628 0.999983
-1.6763 0.999982
-1.66632 0.999982
-1.65635 0.999982
-1.64637 0.999981
-1.63639 0.999981
-1.62641 0.999981
-1.61643 0.999981
-1.60646 0.999981
-1.59648 0.999981
-1.5865 0.999981
-1.57652 0.99998
-1.56654 0.99998
-1.55657 0.99998
-1.54659 0.99998
-1.53661 0.999979
-1.52663 0.999978
-1.51665 0.999978
-1.50668 0.999978
-1.4967 0.999978
-1.48672 0.999978
-1.47674 0.999977
-1.46676 0.999977
-1.45679 0.999976
-1.44681 0.999976
-1.43683 0.999976
-1.42685 0.999975
-1.41687 0.999975
-1.4069 0.999975
-1.39692 0.999975
-1.38694 0.999974
-1.37696 0.999974
-1.36698 0.999973
-1.35701 0.999973
-1.34703 0.999973
-1.33705 0.999972
-1.32707 0.999972
-1.31709 0.999971
-1.30712 0.999971
-1.29714 0.999971
-1.28716 0.99997
-1.27718 0.99997
-1.2672 0.999969
-1.25723 0.999969
-1.24725 0.999968
-1.23727 0.999967
-1.22729 0.999967
-1.21731 0.999966
-1.20734 0.999966
-1.19736 0.999965
-1.18738 0.999965
-1.1774 0.999964
-1.16742 0.999964
-1.15745 0.999963
-1.14747 0.999962
-1.13749 0.999962
-1.12751 0.999961
-1.11753 0.99996
-1.10756 0.99996
-1.09758 0.999959
-1.0876 0.999958
-1.07762 0.999957
-1.06764 0.999956
-1.05767 0.999955
-1.04769 0.999954
-1.03771 0.999953
-1.02773 0.999953
-1.01775 0.999953
-1.00778 0.999952
-0.997799 0.999949
-0.987821 0.999949
-0.977843 0.999947
-0.967865 0.999947
-0.957887 0.999945
-0.947909 0.999945
-0.937931 0.999944
-0.927953 0.999943
-0.917975 0.99994
-0.907997 0.999939
-0.898019 0.999939
-0.888041 0.999937
-0.878063 0.999935
-0.868085 0.999934
-0.858107 0.999933
-0.848129 0.99993
-0.838151 0.999929
-0.828173 0.999927
-0.818195 0.999925
-0.808217 0.999924
-0.798239 0.999922
-0.788261 0.99992
-0.778283 0.999917
-0.768305 0.999917
-0.758327 0.999913
-0.748349 0.99991
-0.738371 0.999909
-0.728393 0.999906
-0.718415 0.999904
-0.708437 0.9999
-0.698459 0.999897
-0.688481 0.999896
-0.678503 0.999892
-0.668525 0.99989
-0.658547 0.999884
-0.648569 0.999882
-0.638591 0.999877
-0.628613 0.999875
-0.618635 0.99987
-0.608657 0.999868
-0.598679 0.999859
-0.588701 0.999856
-0.578723 0.999849
-0.568745 0.999846
-0.558767 0.999842
-0.548789 0.999835
-0.538811 0.999831
-0.528833 0.999822
-0.518855 0.999813
-0.508877 0.999808
-0.498899 0.999797
-0.488921 0.999791
-0.478943 0.999785
-0.468965 0.999778
-0.458987 0.999765
-0.449009 0.99975
-0.439031 0.999748
-0.429053 0.999724
-0.419075 0.999713
-0.409097 0.999702
-0.399119 0.999681
-0.389142 0.999667
-0.379164 0.999653
-0.369186 0.999626
-0.359208 0.999621
-0.34923 0.999589
-0.339252 0.999568
-0.329274 0.999545
-0.319296 0.999522
-0.309318 0.999495
-0.29934 0.999444
-0.289362 0.999388
-0.279384 0.999349
-0.269406 0.999332
-0.259428 0.999254
-0.24945 0.999201
-0.239472 0.999142
-0.229494 0.999074
-0.219516 0.998942
-0.209538 0.998866
-0.19956 0.998755
-0.189582 0.998616
-0.179604 0.998463
-0.169626 0.998269
-0.159648 0.998063
-0.14967 0.997788
-0.139692 0.997466
-0.129714 0.997042
-0.119736 0.996534
-0.109758 0.995926
-0.0997799 0.995084
-0.0898019 0.993858
-0.0798239 0.992341
-0.0698459 0.989887
-0.0598679 0.986301
-0.0498899 0.980787
-0.0399119 0.970419
-0.029934 0.949615
-0.019956 0.894916
-0.00997799 0.707107
0 0
0.00997799 0.707107
0.019956 0.894916
0.029934 0.949615
0.0399119 0.970419
0.0498899 0.980787
0.0598679 0.986301
0.0698459 0.989887
0.0798239 0.992341
0.0898019 0.993858
0.0997799 0.995084
0.109758 0.995926
0.119736 0.996534
0.129714 0.997042
0.139692 0.997466
0.14967 0.997788
0.159648 0.998063
0.169626 0.998269
0.179604 0.998463
0.189582 0.998616
0.19956 0.998755
0.209538 0.998866
0.219516 0.998942
0.229494 0.999074
0.239472 0.999142
0.24945 0.999201
0.259428 0.999254
0.269406 0.999332
0.279384 0.999349
0.289362 0.999388
0.29934 0.999444
0.309318 0.999495
0.319296 0.999522
0.329274 0.999545
0.339252 0.999568
0.34923 0.999589
0.359208 0.999621
0.369186 0.999626
0.379164 0.999653
0.389142 0.999667
0.399119 0.999681
0.409097 0.999702
0.419075 0.999713
0.429053 0.999724
0.439031 0.999748
0.449009 0.99975
0.458987 0.999765
0.468965 0.999778
0.478943 0.999785
0.488921 0.999791
0.498899 0.999797
0.508877 0.999808
0.518855 0.999813
0.528833 0.999822
0.538811 0.999831
0.548789 0.999835
0.558767 0.999842
0.568745 0.999846
0.578723 0.999849
0.588701 0.999856
0.598679 0.999859
0.608657 0.999868
0.618635 0.99987
0.628613 0.999875
0.638591 0.999877
0.648569 0.999882
0.658547 0.999884
0.668525 0.99989
0.678503 0.999892
0.688481 0.999896
0.698459 0.999897
0.708437 0.9999
0.718415 0.999904
0.728393 0.999906
0.738371 0.999909
0.748349 0.99991
0.758327 0.999913
0.768305 0.999917
0.778283 0.999917
0.788261 0.99992
0.798239 0.999922
0.808217 0.999924
0.818195 0.999925
0.828173 0.999927
0.838151 0.999929
0.848129 0.99993
0.858107 0.999933
0.868085 0.999934
0.878063 0.999935
0.888041 0.999937
0.898019 0.999939
0.907997 0.999939
0.917975 0.99994
0.927953 0.999943
0.937931 0.999944
0.947909 0.999945
0.957887 0.999945
0.967865 0.999947
0.977843 0.999947
0.987821 0.999949
0.997799 0.999949
1.00778 0.999952
1.01775 0.999953
1.02773 0.999953
1.03771 0.999953
1.04769 0.999954
1.05767 0.999955
1.06764 0.999956
1.07762 0.999957
1.0876 0.999958
1.09758 0.999959
1.10756 0.99996
1.11753 0.99996
1.12751 0.999961
1.13749 0.999962
1.14747 0.999962
1.15745 0.999963
1.16742 0.999964
1.1774 0.999964
1.18738 0.999965
1.19736 0.999965
1.20734 0.999966
1.21731 0.999966
1.22729 0.999967
1.23727 0.999967
1.24725 0.999968
1.25723 0.999969
1.2672 0.999969
1.27718 0.99997
1.28716 0.99997
1.29714 0.999971
1.30712 0.999971
1.31709 0.999971
1.32707 0.999972
1.33705 0.999972
1.34703 0.999973
1.35701 0.999973
1.36698 0.999973
1.37696 0.999974
1.38694 0.999974
1.39692 0.999975
1.4069 0.999975
1.41687 0.999975
1.42685 0.999975
1.43683 0.999976
1.44681 0.999976
1.45679 0.999976
1.46676 0.999977
1.47674 0.999977
1.48672 0.999978
1.4967 0.999978
1.50668 0.999978
1.51665 0.999978
1.52663 0.999978
1.53661 0.999979
1.54659 0.99998
1.55657 0.99998
1.56654 0.99998
1.57652 0.99998
1.5865 0.999981
1.59648 0.999981
1.60646 0.999981
1.61643 0.999981
1.62641 0.999981
1.63639 0.999981
1.64637 0.999981
1.65635 0.999982
1.66632 0.999982
1.6763 0.999982
1.68628 0.999983
1.69626 0.999983
1.70624 0.999983
1.71621 0.999983
1.72619 0.999983
1.73617 0.999983
1.74615 0.999984
1.75613 0.999984
1.7661 0.999984
1.77608 0.999984
1.78606 0.999984
1.79604 0.999985
1.80602 0.999985
1.81599 0.999985
1.82597 0.999985
1.83595 0.999986
1.84593 0.999986
1.85591 0.999986
1.86588 0.999986
1.87586 0.999986
1.88584 0.999986
1.89582 0.999986
1.9058 0.999986
1.91577 0.999986
1.92575 0.999986
1.93573 0.999986
1.94571 0.999987
1.95569 0.999987
1.96566 0.999987
1.97564 0.999987
1.98562 0.999988
1.9956 0.999988
2.00558 0.999988
2.01555 0.999988
2.02553 0.999988
2.03551 0.999988
2.04549 0.999988
2.05547 0.999988
2.06544 0.999988
2.07542 0.999988
2.0854 0.999988
2.09538 0.999989
2.10536 0.999989
2.11533 0.999989
2.12531 0.999989
2.13529 0.999989
2.14527 0.999989
2.15525 0.99999
2.16522 0.999989
2.1752 0.999989
2.18518 0.99999
2.19516 6.30806e-11
2.20514 3.12895e-11
2.21511 1.88276e-11
2.22509 1.33535e-11
2.23507 1.02274e-11
2.24505 8.26102e-12
2.25503 9.57263e-12
2.265 8.22645e-12
2.27498 7.1913e-12
2.28496 6.35872e-12
2.29494 7.45964e-12
2.30492 6.75964e-12
2.31489 6.16255e-12
2.32487 5.64526e-12
2.33485 6.588e-12
2.34483 6.11697e-12
2.35481 5.69948e-12
2.36478 5.31993e-12
2.37476 4.98071e-12
2.38474 5.80782e-12
2.39472 5.48481e-12
2.40469 5.18693e-12
2.41467 5.95868e-12
2.42465 5.67575e-12
2.43463 5.41128e-12
2.44461 5.16216e-12
2.45458 4.92782e-12
2.46456 4.70848e-12
2.47454 4.49782e-12
2.48452 5.21962e-12
2.4945 5.0157e-12
2.50447 4.82205e-12
2.51445 4.63993e-12
2.52443 4.46085e-12
2.53441 5.16123e-12
2.54439 4.99023e-12
2.55436 4.82401e-12
2.56434 4.66227e-12
2.57432 4.50948e-12
2.5843 5.20403e-12
2.59428 5.05451e-12
2.60425 4.90969e-12
2.61423 4.76891e-12
2.62421 5.46651e-12
2.63419 4.49905e-12
2.64417 5.19933e-12
2.65414 5.07044e-12
2.66412 5.77656e-12
2.6741 5.65283e-12
2.68408 5.53365e-12
2.69406 4.58383e-12
2.70403 4.46728e-12
2.71401 5.19149e-12
2.72399 4.24497e-12
2.73397 5.14017e-12
2.74395 5.11849e-12
2.75392 5.09988e-12
2.7639 5.1674e-12
2.77388 5.15265e-12
2.78386 5.13991e-12
2.79384 5.12928e-12
2.80381 5.20763e-12
2.81379 5.20226e-12
2.82377 5.19782e-12
2.83375 5.1954e-12
2.84373 5.28441e-12
2.8537 5.2869e-12
2.86368 5.29115e-12
2.87366 5.38761e-12
2.88364 5.30664e-12
2.89362 5.4076e-12
2.90359 5.42014e-12
2.91357 5.43527e-12
2.92355 5.453e-12
2.93353 5.47233e-12
2.94351 5.49234e-12
2.95348 5.5148e-12
2.96346 5.63597e-12
2.97344 5.56725e-12
2.98342 5.59633e-12
2.9934 5.62679e-12
3.00337 5.65968e-12
3.01335 5.79416e-12
3.02333 5.73106e-12
3.03331 5.77046e-12
3.04329 5.81127e-12
3.05326 5.85462e-12
3.06324 5.90038e-12
3.07322 5.9476e-12
3.0832 5.99633e-12
3.09318 6.04798e-12
3.10315 5.99596e-12
3.11313 6.05013e-12
3.12311 6.10723e-12
3.13309 6.16612e-12
3.14307 6.22756e-12
3.15304 6.29234e-12
3.16302 6.24592e-12
3.173 6.31355e-12
3.18298 6.38401e-12
3.19296 6.33975e-12
3.20293 6.41249e-12
3.21291 6.48908e-12
3.22289 6.44777e-12
3.23287 6.6466e-12
3.24285 6.60988e-12
3.25282 6.69381e-12
3.2628 6.6575e-12
3.27278 6.74676e-12
3.28276 6.71185e-12
3.29274 6.80188e-12
3.30271 6.89742e-12
3.31269 6.8672e-12
3.32267 6.96451e-12
3.33265 6.93501e-12
3.34263 7.03871e-12
3.3526 7.00964e-12
3.36258 7.11557e-12
3.37256 7.22598e-12
3.38254 7.33756e-12
3.39252 7.31428e-12
3.40249 7.4306e-12
3.41247 7.40884e-12
3.42245 7.52888e-12
3.43243 7.51064e-12
3.44241 7.49179e-12
3.45238 7.61615e-12
3.46236 7.7451e-12
3.47234 7.73033e-12
3.48232 7.71403e-12
3.4923 7.84847e-12
3.50227 7.98586e-12
3.51225 7.97578e-12
3.52223 8.11665e-12
3.53221 8.10587e-12
3.54219 8.09689e-12
3.55216 8.24358e-12
3.56214 8.23827e-12
3.57212 8.39077e-12
3.5821 8.38409e-12
3.59208 8.37921e-12
3.60205 8.53608e-12
3.61203 8.53408e-12
3.62201 8.69702e-12
3.63199 8.69654e-12
3.64197 8.69639e-12
3.65194 8.86258e-12
3.66192 8.8649e-12
3.6719 9.03944e-12
3.68188 9.04214e-12
3.69186 9.21583e-12
3.70183 9.22309e-12
3.71181 9.23148e-12
3.72179 9.2377e-12
3.73177 9.42082e-12
3.74175 9.42999e-12
3.75172 9.44021e-12
3.7617 9.63045e-12
3.77168 9.63828e-12
3.78166 9.65049e-12
3.79164 9.8474e-12
3.80161 9.85884e-12
3.81159 9.8761e-12
3.82157 9.8927e-12
3.83155 1.00913e-11
3.84153 1.01082e-11
3.8515 1.01254e-11
3.86148 1.03324e-11
3.87146 1.03522e-11
3.88144 1.03721e-11
3.89142 1.0394e-11
3.90139 1.06044e-11
3.91137 1.0627e-11
3.92135 1.06517e-11
3.93133 1.06738e-11
3.94131 1.08917e-11
3.95128 1.09161e-11
3.96126 1.09429e-11
3.97124 1.09696e-11
3.98122 1.11914e-11
3.99119 1.12202e-11
4.00117 1.12486e-11
4.01115 1.12793e-11
4.02113 1.15042e-11
4.03111 1.15341e-11
4.04108 1.15694e-11
4.05106 1.15984e-11
4.06104 1.16292e-11
4.07102 1.16654e-11
4.081 1.18972e-11
4.09097 1.19292e-11
4.10095 1.21627e-11
4.11093 1.20002e-11
4.12091 1.22354e-11
4.13089 1.22701e-11
4.14086 1.23073e-11
4.15084 1.23468e-11
4.16082 1.23851e-11
4.1708 1.24223e-11
4.18078 1.24584e-11
4.19075 1.26956e-11
4.20073 1.27398e-11
4.21071 1.29773e-11
4.22069 1.28166e-11
4.23067 1.28567e-11
4.24064 1.30962e-11
4.25062 1.31408e-11
4.2606 1.31794e-11
4.27058 1.32202e-11
4.28056 1.34588e-11
4.29053 1.33053e-11
4.30051 1.35427e-11
4.31049 1.35884e-11
4.32047 1.36278e-11
4.33045 1.36692e-11
4.34042 1.37175e-11
4.3504 1.37638e-11
4.36038 1.3997e-11
4.37036 1.40377e-11
4.38034 1.40806e-11
4.39031 1.41262e-11
4.40029 1.4169e-11
4.41027 1.43974e-11
4.42025 1.44439e-11
4.43023 1.44876e-11
4.4402 1.45282e-11
4.45018 1.45713e-11
4.46016 1.47988e-11
4.47014 1.46645e-11
4.48012 1.48832e-11
4.49009 1.49287e-11
4.50007 1.49653e-11
4.51005 1.50097e-11
4.52003 1.50565e-11
4.53001 1.51001e-11
4.53998 1.53035e-11
4.54996 1.535e-11
4.55994 1.53926e-11
4.56992 1.52735e-11
4.5799 1.54725e-11
4.58987 1.55098e-11
4.59985 1.55554e-11
4.60983 1.55968e-11
4.61981 1.56401e-11
4.62979 1.57849e-11
4.63976 1.58215e-11
4.64974 1.58882e-11
4.65972 1.59411e-11
4.6697 1.5993e-11
4.67968 1.60572e-11
4.68965 1.61078e-11
4.69963 1.61565e-11
4.70961 1.62178e-11
4.71959 1.62536e-11
4.72957 1.63122e-11
4.73954 1.63579e-11
4.74952 1.64025e-11
4.7595 1.64465e-11
4.76948 1.64897e-11
4.77946 1.65431e-11
4.78943 1.65842e-11
4.79941 1.66238e-11
4.80939 1.66527e-11
4.81937 1.66902e-11
4.82935 1.67368e-11
4.83932 1.67725e-11
4.8493 1.6816e-11
4.85928 1.68413e-11
4.86926 1.68729e-11
4.87924 1.69121e-11
4.88921 1.69349e-11
4.89919 1.69637e-11
4.90917 1.69984e-11
4.91915 1.70242e-11
4.92913 1.70497e-11
4.9391 1.70734e-11
4.94908 1.70952e-11
4.95906 1.71175e-11
4.96904 1.71419e-11
4.97902 1.71557e-11
4.98899 1.71739e-11
4.99897 1.71933e-11
5.00895 1.72072e-11
5.01893 1.72207e-11
5.02891 1.72296e-11
5.03888 1.72404e-11
5.04886 1.72522e-11
5.05884 1.72594e-11
5.06882 1.72657e-11
5.0788 1.72712e-11
5.08877 1.72749e-11
5.09875 1.72773e-11
