# ---X---	---$\sigma/E^\mathrm{*}$---
-5.10873 7.22784e-09
-5.09875 7.22793e-09
-5.08877 7.2283e-09
-5.0788 7.22878e-09
-5.06882 7.22971e-09
-5.05884 7.23083e-09
-5.04886 7.23214e-09
-5.03888 7.23362e-09
-5.02891 7.23533e-09
-5.01893 7.23749e-09
-5.00895 7.23963e-09
-4.99897 7.24197e-09
-4.98899 7.24477e-09
-4.97902 7.24779e-09
-4.96904 7.251e-09
-4.95906 7.25446e-09
-4.94908 7.2581e-09
-4.9391 7.26196e-09
-4.92913 7.26604e-09
-4.91915 7.27057e-09
-4.90917 7.27508e-09
-4.89919 7.28005e-09
-4.88921 7.28524e-09
-4.87924 7.29038e-09
-4.86926 7.29625e-09
-4.85928 7.30208e-09
-4.8493 7.30811e-09
-4.83932 7.31463e-09
-4.82935 7.32109e-09
-4.81937 7.32778e-09
-4.80939 7.33495e-09
-4.79941 7.34259e-09
-4.78943 7.35016e-09
-4.77946 7.35875e-09
-4.76948 7.36551e-09
-4.7595 7.37427e-09
-4.74952 7.38301e-09
-4.73954 7.39169e-09
-4.72957 7.40288e-09
-4.71959 7.409e-09
-4.70961 7.42013e-09
-4.69963 7.43122e-09
-4.68965 7.43977e-09
-4.67968 7.45081e-09
-4.6697 7.46183e-09
-4.65972 7.47281e-09
-4.64974 7.48379e-09
-4.63976 7.49471e-09
-4.62979 7.50817e-09
-4.61981 7.52159e-09
-4.60983 7.52993e-09
-4.59985 7.5433e-09
-4.58987 7.5592e-09
-4.5799 7.57252e-09
-4.56992 7.5833e-09
-4.55994 7.59659e-09
-4.54996 7.61497e-09
-4.53998 7.62822e-09
-4.53001 7.64146e-09
-4.52003 7.65723e-09
-4.51005 7.673e-09
-4.50007 7.68874e-09
-4.49009 7.70194e-09
-4.48012 7.72019e-09
-4.47014 7.73846e-09
-4.46016 7.75417e-09
-4.45018 7.76984e-09
-4.4402 7.78807e-09
-4.43023 7.80888e-09
-4.42025 7.82456e-09
-4.41027 7.84278e-09
-4.40029 7.86358e-09
-4.39031 7.88178e-09
-4.38034 7.9e-09
-4.37036 7.92079e-09
-4.36038 7.94159e-09
-4.3504 7.96238e-09
-4.34042 7.98319e-09
-4.33045 8.00398e-09
-4.32047 8.02739e-09
-4.31049 8.05083e-09
-4.30051 8.07164e-09
-4.29053 8.09249e-09
-4.28056 8.11594e-09
-4.27058 8.14202e-09
-4.2606 8.1655e-09
-4.25062 8.18899e-09
-4.24064 8.21511e-09
-4.23067 8.23865e-09
-4.22069 8.26484e-09
-4.21071 8.29103e-09
-4.20073 8.31725e-09
-4.19075 8.34349e-09
-4.18078 8.37242e-09
-4.1708 8.40134e-09
-4.16082 8.42506e-09
-4.15084 8.45408e-09
-4.14086 8.48579e-09
-4.13089 8.51488e-09
-4.12091 8.54667e-09
-4.11093 8.57585e-09
-4.10095 8.60507e-09
-4.09097 8.63702e-09
-4.081 8.66901e-09
-4.07102 8.70104e-09
-4.06104 8.73315e-09
-4.05106 8.76795e-09
-4.04108 8.80284e-09
-4.03111 8.8378e-09
-4.02113 8.87014e-09
-4.01115 8.90522e-09
-4.00117 8.94309e-09
-3.99119 8.97833e-09
-3.98122 9.01635e-09
-3.97124 9.05445e-09
-3.96126 9.08991e-09
-3.95128 9.13089e-09
-3.94131 9.17197e-09
-3.93133 9.20771e-09
-3.92135 9.24897e-09
-3.91137 9.29035e-09
-3.90139 9.33181e-09
-3.89142 9.37614e-09
-3.88144 9.41784e-09
-3.87146 9.46238e-09
-3.86148 9.50705e-09
-3.8515 9.54911e-09
-3.84153 9.59678e-09
-3.83155 9.64461e-09
-3.82157 9.6898e-09
-3.81159 9.73511e-09
-3.80161 9.78337e-09
-3.79164 9.83452e-09
-3.78166 9.88584e-09
-3.77168 9.93456e-09
-3.7617 9.98621e-09
-3.75172 1.0038e-08
-3.74175 1.009e-08
-3.73177 1.0145e-08
-3.72179 1.01973e-08
-3.71181 1.02527e-08
-3.70183 1.0311e-08
-3.69186 1.03668e-08
-3.68188 1.04228e-08
-3.6719 1.04846e-08
-3.66192 1.05438e-08
-3.65194 1.06004e-08
-3.64197 1.06629e-08
-3.63199 1.07257e-08
-3.62201 1.07887e-08
-3.61203 1.08519e-08
-3.60205 1.09155e-08
-3.59208 1.0985e-08
-3.5821 1.10519e-08
-3.57212 1.11162e-08
-3.56214 1.11866e-08
-3.55216 1.12573e-08
-3.54219 1.13254e-08
-3.53221 1.13996e-08
-3.52223 1.14741e-08
-3.51225 1.15461e-08
-3.50227 1.16213e-08
-3.4923 1.16997e-08
-3.48232 1.17786e-08
-3.47234 1.18549e-08
-3.46236 1.19345e-08
-3.45238 1.20174e-08
-3.44241 1.20977e-08
-3.43243 1.21815e-08
-3.42245 1.22686e-08
-3.41247 1.23532e-08
-3.40249 1.24412e-08
-3.39252 1.25326e-08
-3.38254 1.26215e-08
-3.37256 1.27109e-08
-3.36258 1.28068e-08
-3.3526 1.29032e-08
-3.34263 1.2997e-08
-3.33265 1.30944e-08
-3.32267 1.31924e-08
-3.31269 1.32939e-08
-3.30271 1.33961e-08
-3.29274 1.34988e-08
-3.28276 1.36051e-08
-3.27278 1.37152e-08
-3.2628 1.38228e-08
-3.25282 1.3931e-08
-3.24285 1.40461e-08
-3.23287 1.41619e-08
-3.22289 1.42752e-08
-3.21291 1.43924e-08
-3.20293 1.45134e-08
-3.19296 1.46351e-08
-3.18298 1.47577e-08
-3.173 1.48842e-08
-3.16302 1.50114e-08
-3.15304 1.51395e-08
-3.14307 1.52748e-08
-3.13309 1.54078e-08
-3.12311 1.55448e-08
-3.11313 1.56828e-08
-3.10315 1.58217e-08
-3.09318 1.59647e-08
-3.0832 1.6112e-08
-3.07322 1.62603e-08
-3.06324 1.64096e-08
-3.05326 1.65632e-08
-3.04329 1.6718e-08
-3.03331 1.68771e-08
-3.02333 1.70373e-08
-3.01335 1.71987e-08
-3.00337 1.73646e-08
-2.9934 1.7535e-08
-2.98342 1.77067e-08
-2.97344 1.78831e-08
-2.96346 1.80607e-08
-2.95348 1.82397e-08
-2.94351 1.84235e-08
-2.93353 1.8612e-08
-2.92355 1.88055e-08
-2.91357 1.8997e-08
-2.90359 1.919e-08
-2.89362 1.9395e-08
-2.88364 1.9598e-08
-2.87366 1.98026e-08
-2.86368 2.00196e-08
-2.8537 2.02346e-08
-2.84373 2.04515e-08
-2.83375 2.06737e-08
-2.82377 2.09012e-08
-2.81379 2.11307e-08
-2.80381 2.13657e-08
-2.79384 2.16063e-08
-2.78386 2.18489e-08
-2.77388 2.21009e-08
-2.7639 2.23514e-08
-2.75392 2.26078e-08
-2.74395 2.28701e-08
-2.73397 2.31384e-08
-2.72399 2.34127e-08
-2.71401 2.36859e-08
-2.70403 2.39652e-08
-2.69406 2.42546e-08
-2.68408 2.45504e-08
-2.6741 2.48489e-08
-2.66412 2.51502e-08
-2.65414 2.54581e-08
-2.64417 2.57767e-08
-2.63419 2.60982e-08
-2.62421 2.64267e-08
-2.61423 2.67621e-08
-2.60425 2.71009e-08
-2.59428 2.74472e-08
-2.5843 2.78006e-08
-2.57432 2.81653e-08
-2.56434 2.85334e-08
-2.55436 2.89056e-08
-2.54439 2.92895e-08
-2.53441 2.96937e-08
-2.52443 3.0065e-08
-2.51445 3.04772e-08
-2.50447 3.09022e-08
-2.4945 3.13311e-08
-2.48452 3.17643e-08
-2.47454 3.21606e-08
-2.46456 3.26451e-08
-2.45458 3.31352e-08
-2.44461 3.35454e-08
-2.43463 3.40455e-08
-2.42465 3.45505e-08
-2.41467 3.50187e-08
-2.40469 3.55348e-08
-2.39472 3.60569e-08
-2.38474 3.65846e-08
-2.37476 3.71186e-08
-2.36478 3.76586e-08
-2.35481 3.82495e-08
-2.34483 3.88466e-08
-2.33485 3.94066e-08
-2.32487 4.0018e-08
-2.31489 4.05909e-08
-2.30492 4.12163e-08
-2.29494 4.18956e-08
-2.28496 4.25825e-08
-2.27498 4.32314e-08
-2.265 4.38887e-08
-2.25503 4.46009e-08
-2.24505 4.53216e-08
-2.23507 4.60518e-08
-2.22509 4.67906e-08
-2.21511 4.75872e-08
-2.20514 4.83449e-08
-2.19516 4.91133e-08
-2.18518 4.99405e-08
-2.1752 5.08271e-08
-2.16522 5.16761e-08
-2.15525 5.25362e-08
-2.14527 5.34584e-08
-2.13529 5.43419e-08
-2.12531 5.52885e-08
-2.11533 5.62474e-08
-2.10536 5.72716e-08
-2.09538 5.83099e-08
-2.0854 5.92574e-08
-2.07542 6.03242e-08
-2.06544 6.14588e-08
-2.05547 6.25557e-08
-2.04549 6.36683e-08
-2.03551 6.4851e-08
-2.02553 6.61051e-08
-2.01555 6.72678e-08
-2.00558 6.85024e-08
-1.9956 6.98675e-08
-1.98562 7.11404e-08
-1.97564 7.24887e-08
-1.96566 7.39133e-08
-1.95569 7.53038e-08
-1.94571 7.67719e-08
-1.93573 7.83219e-08
-1.92575 7.98374e-08
-1.91577 8.13748e-08
-1.9058 8.29975e-08
-1.89582 8.47052e-08
-1.88584 8.64406e-08
-1.87586 8.81429e-08
-1.86588 8.9934e-08
-1.85591 9.1816e-08
-1.84593 9.37289e-08
-1.83595 9.56738e-08
-1.82597 9.76507e-08
-1.81599 9.97252e-08
-1.80602 1.01834e-07
-1.79604 1.04044e-07
-1.78606 1.06293e-07
-1.77608 1.08579e-07
-1.7661 1.10973e-07
-1.75613 1.13341e-07
-1.74615 1.15886e-07
-1.73617 1.18478e-07
-1.72619 1.21114e-07
-1.71621 1.2387e-07
-1.70624 1.26676e-07
-1.69626 1.29602e-07
-1.68628 1.32584e-07
-1.6763 1.35621e-07
-1.66632 1.38788e-07
-1.65635 1.42088e-07
-1.64637 1.45451e-07
-1.63639 1.48954e-07
-1.62641 1.52526e-07
-1.61643 1.56166e-07
-1.60646 1.59955e-07
-1.59648 1.63897e-07
-1.5865 1.67919e-07
-1.57652 1.721e-07
-1.56654 1.76447e-07
-1.55657 1.80882e-07
-1.54659 1.85492e-07
-1.53661 1.90195e-07
-1.52663 1.95083e-07
-1.51665 2.00159e-07
-1.50668 2.05427e-07
-1.4967 2.10808e-07
-1.48672 2.16394e-07
-1.47674 2.22279e-07
-1.46676 2.28202e-07
-1.45679 2.34349e-07
-1.44681 2.40815e-07
-1.43683 2.47427e-07
-1.42685 2.54188e-07
-1.41687 2.61295e-07
-1.4069 2.68759e-07
-1.39692 2.76395e-07
-1.38694 2.84308e-07
-1.37696 2.9251e-07
-1.36698 3.00906e-07
-1.35701 3.09811e-07
-1.34703 3.18931e-07
-1.33705 3.28381e-07
-1.32707 3.38278e-07
-1.31709 3.48418e-07
-1.30712 3.59144e-07
-1.29714 3.70139e-07
-1.28716 3.81638e-07
-1.27718 3.9355e-07
-1.2672 4.05886e-07
-1.25723 4.18897e-07
-1.24725 4.3225e-07
-1.23727 4.46202e-07
-1.22729 4.60653e-07
-1.21731 4.75743e-07
-1.20734 4.91624e-07
-1.19736 5.08073e-07
-1.18738 5.2524e-07
-1.1774 5.43157e-07
-1.16742 5.61715e-07
-1.15745 5.81078e-07
-1.14747 6.01417e-07
-1.13749 6.22769e-07
-1.12751 6.449e-07
-1.11753 6.67972e-07
-1.10756 6.92181e-07
-1.09758 7.17425e-07
-1.0876 7.43895e-07
-1.07762 7.7164e-07
-1.06764 8.0072e-07
-1.05767 8.30862e-07
-1.04769 8.62766e-07
-1.03771 8.9583e-07
-1.02773 9.31272e-07
-1.01775 9.53608e-07
-1.00778 9.07179e-07
-0.997799 8.0106e-07
-0.987821 6.83668e-07
-0.977843 6.01531e-07
-0.967865 5.5012e-07
-0.957887 5.15915e-07
-0.947909 4.90948e-07
-0.937931 4.73074e-07
-0.927953 4.60168e-07
-0.917975 4.51072e-07
-0.907997 4.44714e-07
-0.898019 4.41049e-07
-0.888041 4.38776e-07
-0.878063 4.38789e-07
-0.868085 4.39746e-07
-0.858107 4.42028e-07
-0.848129 4.45508e-07
-0.838151 4.49468e-07
-0.828173 4.5418e-07
-0.818195 4.59843e-07
-0.808217 4.65875e-07
-0.798239 4.72028e-07
-0.788261 4.78898e-07
-0.778283 4.86439e-07
-0.768305 4.93906e-07
-0.758327 5.01621e-07
-0.748349 5.09498e-07
-0.738371 5.17891e-07
-0.728393 5.2623e-07
-0.718415 5.34791e-07
-0.708437 5.43615e-07
-0.698459 5.52122e-07
-0.688481 5.6095e-07
-0.678503 5.69652e-07
-0.668525 5.78469e-07
-0.658547 5.87736e-07
-0.648569 5.96668e-07
-0.638591 6.05434e-07
-0.628613 6.14132e-07
-0.618635 6.23115e-07
-0.608657 6.32004e-07
-0.598679 6.40862e-07
-0.588701 6.49667e-07
-0.578723 6.58562e-07
-0.568745 6.67016e-07
-0.558767 6.74808e-07
-0.548789 6.8355e-07
-0.538811 6.91586e-07
-0.528833 6.99734e-07
-0.518855 7.07994e-07
-0.508877 7.16366e-07
-0.498899 7.2485e-07
-0.488921 7.32488e-07
-0.478943 7.41176e-07
-0.468965 7.47542e-07
-0.458987 7.55426e-07
-0.449009 7.63386e-07
-0.439031 7.69992e-07
-0.429053 7.77048e-07
-0.419075 7.85222e-07
-0.409097 7.90962e-07
-0.399119 7.97856e-07
-0.389142 8.05128e-07
-0.379164 8.11034e-07
-0.369186 8.16992e-07
-0.359208 8.23254e-07
-0.34923 8.29298e-07
-0.339252 8.35394e-07
-0.329274 8.4035e-07
-0.319296 8.46734e-07
-0.309318 8.52954e-07
-0.29934 8.58002e-07
-0.289362 8.63078e-07
-0.279384 8.68182e-07
-0.269406 8.72064e-07
-0.259428 8.75826e-07
-0.24945 8.79738e-07
-0.239472 8.84936e-07
-0.229494 8.88878e-07
-0.219516 8.92832e-07
-0.209538 8.96714e-07
-0.19956 9.00698e-07
-0.189582 9.03384e-07
-0.179604 9.06008e-07
-0.169626 9.10022e-07
-0.159648 9.14048e-07
-0.14967 9.15378e-07
-0.139692 9.18086e-07
-0.129714 9.20762e-07
-0.119736 9.22106e-07
-0.109758 9.24824e-07
-0.0997799 9.26174e-07
-0.0898019 9.28898e-07
-0.0798239 9.30254e-07
-0.0698459 9.30254e-07
-0.0598679 9.31614e-07
-0.0498899 9.32978e-07
-0.0399119 9.34346e-07
-0.029934 9.34346e-07
-0.019956 9.35712e-07
-0.00997799 9.35712e-07
0 9.35712e-07
0.00997799 9.35712e-07
0.019956 9.35712e-07
0.029934 9.34346e-07
0.0399119 9.34346e-07
0.0498899 9.32978e-07
0.0598679 9.31614e-07
0.0698459 9.30254e-07
0.0798239 9.30254e-07
0.0898019 9.28898e-07
0.0997799 9.26174e-07
0.109758 9.24824e-07
0.119736 9.22106e-07
0.129714 9.20762e-07
0.139692 9.18086e-07
0.14967 9.15378e-07
0.159648 9.14048e-07
0.169626 9.10022e-07
0.179604 9.06008e-07
0.189582 9.03384e-07
0.19956 9.00698e-07
0.209538 8.96714e-07
0.219516 8.92832e-07
0.229494 8.88878e-07
0.239472 8.84936e-07
0.24945 8.79738e-07
0.259428 8.75826e-07
0.269406 8.72064e-07
0.279384 8.68182e-07
0.289362 8.63078e-07
0.29934 8.58002e-07
0.309318 8.52954e-07
0.319296 8.46734e-07
0.329274 8.4035e-07
0.339252 8.35394e-07
0.34923 8.29298e-07
0.359208 8.23254e-07
0.369186 8.16992e-07
0.379164 8.11034e-07
0.389142 8.05128e-07
0.399119 7.97856e-07
0.409097 7.90962e-07
0.419075 7.85222e-07
0.429053 7.77048e-07
0.439031 7.69992e-07
0.449009 7.63386e-07
0.458987 7.55426e-07
0.468965 7.47542e-07
0.478943 7.41176e-07
0.488921 7.32488e-07
0.498899 7.2485e-07
0.508877 7.16366e-07
0.518855 7.07994e-07
0.528833 6.99734e-07
0.538811 6.91586e-07
0.548789 6.8355e-07
0.558767 6.74808e-07
0.568745 6.67016e-07
0.578723 6.58562e-07
0.588701 6.49667e-07
0.598679 6.40862e-07
0.608657 6.32004e-07
0.618635 6.23115e-07
0.628613 6.14132e-07
0.638591 6.05434e-07
0.648569 5.96668e-07
0.658547 5.87736e-07
0.668525 5.78469e-07
0.678503 5.69652e-07
0.688481 5.6095e-07
0.698459 5.52122e-07
0.708437 5.43615e-07
0.718415 5.34791e-07
0.728393 5.2623e-07
0.738371 5.17891e-07
0.748349 5.09498e-07
0.758327 5.01621e-07
0.768305 4.93906e-07
0.778283 4.86439e-07
0.788261 4.78898e-07
0.798239 4.72028e-07
0.808217 4.65875e-07
0.818195 4.59843e-07
0.828173 4.5418e-07
0.838151 4.49468e-07
0.848129 4.45508e-07
0.858107 4.42028e-07
0.868085 4.39746e-07
0.878063 4.38789e-07
0.888041 4.38776e-07
0.898019 4.41049e-07
0.907997 4.44714e-07
0.917975 4.51072e-07
0.927953 4.60168e-07
0.937931 4.73074e-07
0.947909 4.90948e-07
0.957887 5.15915e-07
0.967865 5.5012e-07
0.977843 6.01531e-07
0.987821 6.83668e-07
0.997799 8.0106e-07
1.00778 9.07179e-07
1.01775 9.53608e-07
1.02773 9.31272e-07
1.03771 8.9583e-07
1.04769 8.62766e-07
1.05767 8.30862e-07
1.06764 8.0072e-07
1.07762 7.7164e-07
1.0876 7.43895e-07
1.09758 7.17425e-07
1.10756 6.92181e-07
1.11753 6.67972e-07
1.12751 6.449e-07
1.13749 6.22769e-07
1.14747 6.01417e-07
1.15745 5.81078e-07
1.16742 5.61715e-07
1.1774 5.43157e-07
1.18738 5.2524e-07
1.19736 5.08073e-07
1.20734 4.91624e-07
1.21731 4.75743e-07
1.22729 4.60653e-07
1.23727 4.46202e-07
1.24725 4.3225e-07
1.25723 4.18897e-07
1.2672 4.05886e-07
1.27718 3.9355e-07
1.28716 3.81638e-07
1.29714 3.70139e-07
1.30712 3.59144e-07
1.31709 3.48418e-07
1.32707 3.38278e-07
1.33705 3.28381e-07
1.34703 3.18931e-07
1.35701 3.09811e-07
1.36698 3.00906e-07
1.37696 2.9251e-07
1.38694 2.84308e-07
1.39692 2.76395e-07
1.4069 2.68759e-07
1.41687 2.61295e-07
1.42685 2.54188e-07
1.43683 2.47427e-07
1.44681 2.40815e-07
1.45679 2.34349e-07
1.46676 2.28202e-07
1.47674 2.22279e-07
1.48672 2.16394e-07
1.4967 2.10808e-07
1.50668 2.05427e-07
1.51665 2.00159e-07
1.52663 1.95083e-07
1.53661 1.90195e-07
1.54659 1.85492e-07
1.55657 1.80882e-07
1.56654 1.76447e-07
1.57652 1.721e-07
1.5865 1.67919e-07
1.59648 1.63897e-07
1.60646 1.59955e-07
1.61643 1.56166e-07
1.62641 1.52526e-07
1.63639 1.48954e-07
1.64637 1.45451e-07
1.65635 1.42088e-07
1.66632 1.38788e-07
1.6763 1.35621e-07
1.68628 1.32584e-07
1.69626 1.29602e-07
1.70624 1.26676e-07
1.71621 1.2387e-07
1.72619 1.21114e-07
1.73617 1.18478e-07
1.74615 1.15886e-07
1.75613 1.13341e-07
1.7661 1.10973e-07
1.77608 1.08579e-07
1.78606 1.06293e-07
1.79604 1.04044e-07
1.80602 1.01834e-07
1.81599 9.97252e-08
1.82597 9.76507e-08
1.83595 9.56738e-08
1.84593 9.37289e-08
1.85591 9.1816e-08
1.86588 8.9934e-08
1.87586 8.81429e-08
1.88584 8.64406e-08
1.89582 8.47052e-08
1.9058 8.29975e-08
1.91577 8.13748e-08
1.92575 7.98374e-08
1.93573 7.83219e-08
1.94571 7.67719e-08
1.95569 7.53038e-08
1.96566 7.39133e-08
1.97564 7.24887e-08
1.98562 7.11404e-08
1.9956 6.98675e-08
2.00558 6.85024e-08
2.01555 6.72678e-08
2.02553 6.61051e-08
2.03551 6.4851e-08
2.04549 6.36683e-08
2.05547 6.25557e-08
2.06544 6.14588e-08
2.07542 6.03242e-08
2.0854 5.92574e-08
2.09538 5.83099e-08
2.10536 5.72716e-08
2.11533 5.62474e-08
2.12531 5.52885e-08
2.13529 5.43419e-08
2.14527 5.34584e-08
2.15525 5.25362e-08
2.16522 5.16761e-08
2.1752 5.08271e-08
2.18518 4.99405e-08
2.19516 4.91133e-08
2.20514 4.83449e-08
2.21511 4.75872e-08
2.22509 4.67906e-08
2.23507 4.60518e-08
2.24505 4.53216e-08
2.25503 4.46009e-08
2.265 4.38887e-08
2.27498 4.32314e-08
2.28496 4.25825e-08
2.29494 4.18956e-08
2.30492 4.12163e-08
2.31489 4.05909e-08
2.32487 4.0018e-08
2.33485 3.94066e-08
2.34483 3.88466e-08
2.35481 3.82495e-08
2.36478 3.76586e-08
2.37476 3.71186e-08
2.38474 3.65846e-08
2.39472 3.60569e-08
2.40469 3.55348e-08
2.41467 3.50187e-08
2.42465 3.45505e-08
2.43463 3.40455e-08
2.44461 3.35454e-08
2.45458 3.31352e-08
2.46456 3.26451e-08
2.47454 3.21606e-08
2.48452 3.17643e-08
2.4945 3.13311e-08
2.50447 3.09022e-08
2.51445 3.04772e-08
2.52443 3.0065e-08
2.53441 2.96937e-08
2.54439 2.92895e-08
2.55436 2.89056e-08
2.56434 2.85334e-08
2.57432 2.81653e-08
2.5843 2.78006e-08
2.59428 2.74472e-08
2.60425 2.71009e-08
2.61423 2.67621e-08
2.62421 2.64267e-08
2.63419 2.60982e-08
2.64417 2.57767e-08
2.65414 2.54581e-08
2.66412 2.51502e-08
2.6741 2.48489e-08
2.68408 2.45504e-08
2.69406 2.42546e-08
2.70403 2.39652e-08
2.71401 2.36859e-08
2.72399 2.34127e-08
2.73397 2.31384e-08
2.74395 2.28701e-08
2.75392 2.26078e-08
2.7639 2.23514e-08
2.77388 2.21009e-08
2.78386 2.18489e-08
2.79384 2.16063e-08
2.80381 2.13657e-08
2.81379 2.11307e-08
2.82377 2.09012e-08
2.83375 2.06737e-08
2.84373 2.04515e-08
2.8537 2.02346e-08
2.86368 2.00196e-08
2.87366 1.98026e-08
2.88364 1.9598e-08
2.89362 1.9395e-08
2.90359 1.919e-08
2.91357 1.8997e-08
2.92355 1.88055e-08
2.93353 1.8612e-08
2.94351 1.84235e-08
2.95348 1.82397e-08
2.96346 1.80607e-08
2.97344 1.78831e-08
2.98342 1.77067e-08
2.9934 1.7535e-08
3.00337 1.73646e-08
3.01335 1.71987e-08
3.02333 1.70373e-08
3.03331 1.68771e-08
3.04329 1.6718e-08
3.05326 1.65632e-08
3.06324 1.64096e-08
3.07322 1.62603e-08
3.0832 1.6112e-08
3.09318 1.59647e-08
3.10315 1.58217e-08
3.11313 1.56828e-08
3.12311 1.55448e-08
3.13309 1.54078e-08
3.14307 1.52748e-08
3.15304 1.51395e-08
3.16302 1.50114e-08
3.173 1.48842e-08
3.18298 1.47577e-08
3.19296 1.46351e-08
3.20293 1.45134e-08
3.21291 1.43924e-08
3.22289 1.42752e-08
3.23287 1.41619e-08
3.24285 1.40461e-08
3.25282 1.3931e-08
3.2628 1.38228e-08
3.27278 1.37152e-08
3.28276 1.36051e-08
3.29274 1.34988e-08
3.30271 1.33961e-08
3.31269 1.32939e-08
3.32267 1.31924e-08
3.33265 1.30944e-08
3.34263 1.2997e-08
3.3526 1.29032e-08
3.36258 1.28068e-08
3.37256 1.27109e-08
3.38254 1.26215e-08
3.39252 1.25326e-08
3.40249 1.24412e-08
3.41247 1.23532e-08
3.42245 1.22686e-08
3.43243 1.21815e-08
3.44241 1.20977e-08
3.45238 1.20174e-08
3.46236 1.19345e-08
3.47234 1.18549e-08
3.48232 1.17786e-08
3.4923 1.16997e-08
3.50227 1.16213e-08
3.51225 1.15461e-08
3.52223 1.14741e-08
3.53221 1.13996e-08
3.54219 1.13254e-08
3.55216 1.12573e-08
3.56214 1.11866e-08
3.57212 1.11162e-08
3.5821 1.10519e-08
3.59208 1.0985e-08
3.60205 1.09155e-08
3.61203 1.08519e-08
3.62201 1.07887e-08
3.63199 1.07257e-08
3.64197 1.06629e-08
3.65194 1.06004e-08
3.66192 1.05438e-08
3.6719 1.04846e-08
3.68188 1.04228e-08
3.69186 1.03668e-08
3.70183 1.0311e-08
3.71181 1.02527e-08
3.72179 1.01973e-08
3.73177 1.0145e-08
3.74175 1.009e-08
3.75172 1.0038e-08
3.7617 9.98621e-09
3.77168 9.93456e-09
3.78166 9.88584e-09
3.79164 9.83452e-09
3.80161 9.78337e-09
3.81159 9.73511e-09
3.82157 9.6898e-09
3.83155 9.64461e-09
3.84153 9.59678e-09
3.8515 9.54911e-09
3.86148 9.50705e-09
3.87146 9.46238e-09
3.88144 9.41784e-09
3.89142 9.37614e-09
3.90139 9.33181e-09
3.91137 9.29035e-09
3.92135 9.24897e-09
3.93133 9.20771e-09
3.94131 9.17197e-09
3.95128 9.13089e-09
3.96126 9.08991e-09
3.97124 9.05445e-09
3.98122 9.01635e-09
3.99119 8.97833e-09
4.00117 8.94309e-09
4.01115 8.90522e-09
4.02113 8.87014e-09
4.03111 8.8378e-09
4.04108 8.80284e-09
4.05106 8.76795e-09
4.06104 8.73315e-09
4.07102 8.70104e-09
4.081 8.66901e-09
4.09097 8.63702e-09
4.10095 8.60507e-09
4.11093 8.57585e-09
4.12091 8.54667e-09
4.13089 8.51488e-09
4.14086 8.48579e-09
4.15084 8.45408e-09
4.16082 8.42506e-09
4.1708 8.40134e-09
4.18078 8.37242e-09
4.19075 8.34349e-09
4.20073 8.31725e-09
4.21071 8.29103e-09
4.22069 8.26484e-09
4.23067 8.23865e-09
4.24064 8.21511e-09
4.25062 8.18899e-09
4.2606 8.1655e-09
4.27058 8.14202e-09
4.28056 8.11594e-09
4.29053 8.09249e-09
4.30051 8.07164e-09
4.31049 8.05083e-09
4.32047 8.02739e-09
4.33045 8.00398e-09
4.34042 7.98319e-09
4.3504 7.96238e-09
4.36038 7.94159e-09
4.37036 7.92079e-09
4.38034 7.9e-09
4.39031 7.88178e-09
4.40029 7.86358e-09
4.41027 7.84278e-09
4.42025 7.82456e-09
4.43023 7.80888e-09
4.4402 7.78807e-09
4.45018 7.76984e-09
4.46016 7.75417e-09
4.47014 7.73846e-09
4.48012 7.72019e-09
4.49009 7.70194e-09
4.50007 7.68874e-09
4.51005 7.673e-09
4.52003 7.65723e-09
4.53001 7.64146e-09
4.53998 7.62822e-09
4.54996 7.61497e-09
4.55994 7.59659e-09
4.56992 7.5833e-09
4.5799 7.57252e-09
4.58987 7.5592e-09
4.59985 7.5433e-09
4.60983 7.52993e-09
4.61981 7.52159e-09
4.62979 7.50817e-09
4.63976 7.49471e-09
4.64974 7.48379e-09
4.65972 7.47281e-09
4.6697 7.46183e-09
4.67968 7.45081e-09
4.68965 7.43977e-09
4.69963 7.43122e-09
4.70961 7.42013e-09
4.71959 7.409e-09
4.72957 7.40288e-09
4.73954 7.39169e-09
4.74952 7.38301e-09
4.7595 7.37427e-09
4.76948 7.36551e-09
4.77946 7.35875e-09
4.78943 7.35016e-09
4.79941 7.34259e-09
4.80939 7.33495e-09
4.81937 7.32778e-09
4.82935 7.32109e-09
4.83932 7.31463e-09
4.8493 7.30811e-09
4.85928 7.30208e-09
4.86926 7.29625e-09
4.87924 7.29038e-09
4.88921 7.28524e-09
4.89919 7.28005e-09
4.90917 7.27508e-09
4.91915 7.27057e-09
4.92913 7.26604e-09
4.9391 7.26196e-09
4.94908 7.2581e-09
4.95906 7.25446e-09
4.96904 7.251e-09
4.97902 7.24779e-09
4.98899 7.24477e-09
4.99897 7.24197e-09
5.00895 7.23963e-09
5.01893 7.23749e-09
5.02891 7.23533e-09
5.03888 7.23362e-09
5.04886 7.23214e-09
5.05884 7.23083e-09
5.06882 7.22971e-09
5.0788 7.22878e-09
5.08877 7.2283e-09
5.09875 7.22793e-09
