# ---X---	---Y---
-5.10873 1.28976e-08
-5.09875 1.94748e-08
-5.08877 2.8195e-08
-5.0788 3.78243e-08
-5.06882 4.34865e-08
-5.05884 6.25859e-08
-5.04886 7.67924e-08
-5.03888 9.3142e-08
-5.02891 1.10709e-07
-5.01893 1.19492e-07
-5.00895 1.39331e-07
-4.99897 1.72562e-07
-4.98899 1.9623e-07
-4.97902 2.08004e-07
-4.96904 2.34255e-07
-4.95906 2.76387e-07
-4.94908 3.06155e-07
-4.9391 3.20922e-07
-4.92913 3.52963e-07
-4.91915 3.8684e-07
-4.90917 4.40476e-07
-4.89919 4.77869e-07
-4.88921 4.96378e-07
-4.87924 5.36043e-07
-4.86926 5.77231e-07
-4.85928 6.20256e-07
-4.8493 6.87686e-07
-4.83932 7.34221e-07
-4.82935 7.57227e-07
-4.81937 8.06035e-07
-4.80939 8.56367e-07
-4.79941 9.08532e-07
-4.78943 9.89744e-07
-4.77946 1.04542e-06
-4.76948 1.07292e-06
-4.7595 1.13087e-06
-4.74952 1.22157e-06
-4.73954 1.28333e-06
-4.72957 1.31384e-06
-4.71959 1.37819e-06
-4.70961 1.47774e-06
-4.69963 1.54528e-06
-4.68965 1.61496e-06
-4.67968 1.68585e-06
-4.6697 1.72088e-06
-4.65972 1.83219e-06
-4.64974 1.90733e-06
-4.63976 1.98462e-06
-4.62979 2.06278e-06
-4.61981 2.14312e-06
-4.60983 2.26684e-06
-4.59985 2.35032e-06
-4.58987 2.39227e-06
-4.5799 2.4784e-06
-4.56992 2.61121e-06
-4.55994 2.70078e-06
-4.54996 2.79221e-06
-4.53998 2.88511e-06
-4.53001 2.97956e-06
-4.52003 3.07587e-06
-4.51005 3.22362e-06
-4.50007 3.32336e-06
-4.49009 3.3726e-06
-4.48012 3.52747e-06
-4.47014 3.63147e-06
-4.46016 3.73763e-06
-4.45018 3.90026e-06
-4.4402 4.00956e-06
-4.43023 4.12104e-06
-4.42025 4.23372e-06
-4.41027 4.34786e-06
-4.40029 4.46325e-06
-4.39031 4.64112e-06
-4.38034 4.7606e-06
-4.37036 4.88155e-06
-4.36038 5.06711e-06
-4.3504 5.12813e-06
-4.34042 5.2537e-06
-4.33045 5.51179e-06
-4.32047 5.64188e-06
-4.31049 5.70623e-06
-4.30051 5.90657e-06
-4.29053 6.11044e-06
-4.28056 6.17735e-06
-4.27058 6.31502e-06
-4.2606 6.59756e-06
-4.25062 6.73977e-06
-4.24064 6.88314e-06
-4.23067 7.02868e-06
-4.22069 7.1754e-06
-4.21071 7.39977e-06
-4.20073 7.62762e-06
-4.19075 7.78034e-06
-4.18078 7.93431e-06
-4.1708 8.17039e-06
-4.16082 8.32849e-06
-4.15084 8.48804e-06
-4.14086 8.73225e-06
-4.13089 8.89511e-06
-4.12091 9.05999e-06
-4.11093 9.39758e-06
-4.10095 9.56694e-06
-4.09097 9.7378e-06
-4.081 9.99868e-06
-4.07102 1.01734e-05
-4.06104 1.04404e-05
-4.05106 1.06183e-05
-4.04108 1.07982e-05
-4.03111 1.11663e-05
-4.02113 1.14454e-05
-4.01115 1.15367e-05
-4.00117 1.18203e-05
-3.99119 1.21073e-05
-3.98122 1.22993e-05
-3.97124 1.25921e-05
-3.96126 1.28883e-05
-3.95128 1.31884e-05
-3.94131 1.33881e-05
-3.93133 1.36939e-05
-3.92135 1.4002e-05
-3.91137 1.42083e-05
-3.90139 1.45231e-05
-3.89142 1.48404e-05
-3.88144 1.50526e-05
-3.87146 1.53765e-05
-3.86148 1.57034e-05
-3.8515 1.60332e-05
-3.84153 1.63673e-05
-3.83155 1.67045e-05
-3.82157 1.70445e-05
-3.81159 1.72717e-05
-3.80161 1.76183e-05
-3.79164 1.79673e-05
-3.78166 1.83207e-05
-3.77168 1.86771e-05
-3.7617 1.90369e-05
-3.75172 1.94e-05
-3.74175 1.97666e-05
-3.73177 2.01366e-05
-3.72179 2.05099e-05
-3.71181 2.08866e-05
-3.70183 2.12668e-05
-3.69186 2.16503e-05
-3.68188 2.20372e-05
-3.6719 2.25605e-05
-3.66192 2.29554e-05
-3.65194 2.33536e-05
-3.64197 2.37547e-05
-3.63199 2.41602e-05
-3.62201 2.45687e-05
-3.61203 2.51207e-05
-3.60205 2.55365e-05
-3.59208 2.59566e-05
-3.5821 2.65239e-05
-3.57212 2.69514e-05
-3.56214 2.73819e-05
-3.55216 2.78168e-05
-3.54219 2.84036e-05
-3.53221 2.89967e-05
-3.52223 2.94433e-05
-3.51225 2.98935e-05
-3.50227 3.05015e-05
-3.4923 3.11157e-05
-3.48232 3.15783e-05
-3.47234 3.2044e-05
-3.46236 3.26733e-05
-3.45238 3.33085e-05
-3.44241 3.39499e-05
-3.43243 3.44327e-05
-3.42245 3.49188e-05
-3.41247 3.57425e-05
-3.40249 3.64064e-05
-3.39252 3.69066e-05
-3.38254 3.75805e-05
-3.37256 3.8088e-05
-3.36258 3.87729e-05
-3.3526 3.96404e-05
-3.34263 4.03398e-05
-3.33265 4.08642e-05
-3.32267 4.15734e-05
-3.31269 4.24718e-05
-3.30271 4.30098e-05
-3.29274 4.37371e-05
-3.28276 4.46581e-05
-3.27278 4.53989e-05
-3.2628 4.61456e-05
-3.25282 4.68985e-05
-3.24285 4.76572e-05
-3.23287 4.86172e-05
-3.22289 4.93896e-05
-3.21291 5.01679e-05
-3.20293 5.11523e-05
-3.19296 5.19442e-05
-3.18298 5.29457e-05
-3.173 5.37511e-05
-3.16302 5.45623e-05
-3.15304 5.55883e-05
-3.14307 5.66237e-05
-3.13309 5.76688e-05
-3.12311 5.85084e-05
-3.11313 5.95703e-05
-3.10315 6.06416e-05
-3.09318 6.15031e-05
-3.0832 6.25903e-05
-3.07322 6.3688e-05
-3.06324 6.4795e-05
-3.05326 6.59113e-05
-3.04329 6.7037e-05
-3.03331 6.84038e-05
-3.02333 6.93176e-05
-3.01335 7.04713e-05
-3.00337 7.18723e-05
-2.9934 7.30467e-05
-2.98342 7.42308e-05
-2.97344 7.54231e-05
-2.96346 7.68723e-05
-2.95348 7.8334e-05
-2.94351 7.95593e-05
-2.93353 8.07938e-05
-2.92355 8.22915e-05
-2.91357 8.38032e-05
-2.90359 8.50695e-05
-2.89362 8.66068e-05
-2.88364 8.81555e-05
-2.87366 8.9719e-05
-2.86368 9.12969e-05
-2.8537 9.26161e-05
-2.84373 9.44913e-05
-2.83375 9.61088e-05
-2.82377 9.77386e-05
-2.81379 9.93842e-05
-2.80381 0.000101042
-2.79384 0.000102997
-2.78386 0.000104684
-2.77388 0.000106675
-2.7639 0.000108684
-2.75392 0.000110416
-2.74395 0.000112161
-2.73397 0.000114221
-2.72399 0.000116296
-2.71401 0.000118393
-2.70403 0.000120505
-2.69406 0.000122639
-2.68408 0.000124788
-2.6741 0.000126958
-2.66412 0.000129465
-2.65414 0.000131671
-2.64417 0.000133898
-2.63419 0.000136142
-2.62421 0.000138737
-2.61423 0.000141355
-2.60425 0.000143996
-2.59428 0.000146662
-2.5843 0.00014901
-2.57432 0.000151721
-2.56434 0.000154454
-2.55436 0.000157565
-2.54439 0.000160351
-2.53441 0.000163159
-2.52443 0.000166356
-2.51445 0.000169217
-2.50447 0.00017247
-2.4945 0.000175753
-2.48452 0.00017869
-2.47454 0.000182031
-2.46456 0.000185785
-2.45458 0.00018919
-2.44461 0.000192626
-2.43463 0.000196091
-2.42465 0.000199986
-2.41467 0.000203914
-2.40469 0.00020748
-2.39472 0.000211479
-2.38474 0.00021552
-2.37476 0.000219594
-2.36478 0.000223711
-2.35481 0.000227861
-2.34483 0.000232479
-2.33485 0.000237142
-2.32487 0.000241853
-2.31489 0.000246165
-2.30492 0.000250956
-2.29494 0.000256249
-2.28496 0.00026114
-2.27498 0.000266074
-2.265 0.000271052
-2.25503 0.000276545
-2.24505 0.000282568
-2.23507 0.000288172
-2.22509 0.000293352
-2.21511 0.000299549
-2.20514 0.00030581
-2.19516 0.000311632
-2.18518 0.000318015
-2.1752 0.000324462
-2.16522 0.000330968
-2.15525 0.000338057
-2.14527 0.000345222
-2.13529 0.000351928
-2.12531 0.000359234
-2.11533 0.00036661
-2.10536 0.000374064
-2.09538 0.000382691
-2.0854 0.000390299
-2.07542 0.000398547
-2.06544 0.000407443
-2.05547 0.000415284
-2.04549 0.000424366
-2.03551 0.000434134
-2.02553 0.00044281
-2.01555 0.000452779
-2.00558 0.00046286
-1.9956 0.000472426
-1.98562 0.000482717
-1.97564 0.000493736
-1.96566 0.000504889
-1.95569 0.000515507
-1.94571 0.000526886
-1.93573 0.000539046
-1.92575 0.000551348
-1.91577 0.000563774
-1.9058 0.000577024
-1.89582 0.000589733
-1.88584 0.000603268
-1.87586 0.000617663
-1.86588 0.000631509
-1.85591 0.000646224
-1.84593 0.000661841
-1.83595 0.000676895
-1.82597 0.000692862
-1.81599 0.000709768
-1.80602 0.000726877
-1.79604 0.000744181
-1.78606 0.00076168
-1.77608 0.000780981
-1.7661 0.000799694
-1.75613 0.000819455
-1.74615 0.000840269
-1.73617 0.000860495
-1.72619 0.000881812
-1.71621 0.000904234
-1.70624 0.000927796
-1.69626 0.000950783
-1.68628 0.000974932
-1.6763 0.00100118
-1.66632 0.00102686
-1.65635 0.00105285
-1.64637 0.00108104
-1.63639 0.0011096
-1.62641 0.00113948
-1.61643 0.00116975
-1.60646 0.00120141
-1.59648 0.00123447
-1.5865 0.00126799
-1.57652 0.00130297
-1.56654 0.00133843
-1.55657 0.00137648
-1.54659 0.00141504
-1.53661 0.00145524
-1.52663 0.00149821
-1.51665 0.00154066
-1.50668 0.00158484
-1.4967 0.00163196
-1.48672 0.00167976
-1.47674 0.00172944
-1.46676 0.00178227
-1.45679 0.00183588
-1.44681 0.00189153
-1.43683 0.00195185
-1.42685 0.00201179
-1.41687 0.00207395
-1.4069 0.00214108
-1.39692 0.00220926
-1.38694 0.00228128
-1.37696 0.00235586
-1.36698 0.00243307
-1.35701 0.00251445
-1.34703 0.00260012
-1.33705 0.00269027
-1.32707 0.00278195
-1.31709 0.00287989
-1.30712 0.00298273
-1.29714 0.00308901
-1.28716 0.00320218
-1.27718 0.00332076
-1.2672 0.00344502
-1.25723 0.00357511
-1.24725 0.00371485
-1.23727 0.00386286
-1.22729 0.0040157
-1.21731 0.00417925
-1.20734 0.00435405
-1.19736 0.00453854
-1.18738 0.00473522
-1.1774 0.00494468
-1.16742 0.00516963
-1.15745 0.00541086
-1.14747 0.00566922
-1.13749 0.00595024
-1.12751 0.00625517
-1.11753 0.00658792
-1.10756 0.00695263
-1.09758 0.00735142
-1.0876 0.00779719
-1.07762 0.00830173
-1.06764 0.00887537
-1.05767 0.00953885
-1.04769 0.0103316
-1.03771 0.0113129
-1.02773 0.0126472
-1.01775 0.0148496
-1.00778 0.0176831
-0.997799 0.0204459
-0.987821 0.022064
-0.977843 0.0235797
-0.967865 0.0250471
-0.957887 0.0264992
-0.947909 0.0279248
-0.937931 0.0293331
-0.927953 0.0307238
-0.917975 0.0320956
-0.907997 0.0334544
-0.898019 0.0347937
-0.888041 0.0361164
-0.878063 0.0374234
-0.868085 0.0387139
-0.858107 0.0399925
-0.848129 0.0412543
-0.838151 0.0424976
-0.828173 0.0437242
-0.818195 0.0449352
-0.808217 0.0461342
-0.798239 0.0473169
-0.788261 0.0484841
-0.778283 0.0496356
-0.768305 0.0507679
-0.758327 0.0518883
-0.748349 0.0529957
-0.738371 0.0540848
-0.728393 0.0551546
-0.718415 0.0562125
-0.708437 0.0572578
-0.698459 0.0582875
-0.688481 0.0592993
-0.678503 0.0602951
-0.668525 0.0612786
-0.658547 0.0622431
-0.648569 0.0631958
-0.638591 0.0641332
-0.628613 0.0650521
-0.618635 0.0659589
-0.608657 0.0668499
-0.598679 0.067725
-0.588701 0.0685841
-0.578723 0.069429
-0.568745 0.0702605
-0.558767 0.0710761
-0.548789 0.0718729
-0.538811 0.0726572
-0.528833 0.073428
-0.518855 0.0741831
-0.508877 0.0749209
-0.498899 0.0756478
-0.488921 0.0763554
-0.478943 0.0770491
-0.468965 0.0777281
-0.458987 0.0783914
-0.449009 0.0790394
-0.439031 0.0796742
-0.429053 0.0802938
-0.419075 0.0808966
-0.409097 0.0814849
-0.399119 0.0820589
-0.389142 0.0826187
-0.379164 0.0831625
-0.369186 0.0836916
-0.359208 0.0842048
-0.34923 0.0847031
-0.339252 0.0851882
-0.329274 0.0856563
-0.319296 0.086111
-0.309318 0.0865496
-0.29934 0.0869737
-0.289362 0.0873821
-0.279384 0.0877764
-0.269406 0.088156
-0.259428 0.0885208
-0.24945 0.0888703
-0.239472 0.0892053
-0.229494 0.0895252
-0.219516 0.0898294
-0.209538 0.0901202
-0.19956 0.0903958
-0.189582 0.0906539
-0.179604 0.0909004
-0.169626 0.0911321
-0.159648 0.0913456
-0.14967 0.091547
-0.139692 0.0917336
-0.129714 0.0919045
-0.119736 0.0920604
-0.109758 0.0922021
-0.0997799 0.0923285
-0.0898019 0.0924412
-0.0798239 0.0925382
-0.0698459 0.0926198
-0.0598679 0.0926877
-0.0498899 0.0927406
-0.0399119 0.0927786
-0.029934 0.0928021
-0.019956 0.0928104
-0.00997799 0.092804
0 0.0927828
0.00997799 0.0927469
0.019956 0.0926969
0.029934 0.0926314
0.0399119 0.0925519
0.0498899 0.0924561
0.0598679 0.0923472
0.0698459 0.0922228
0.0798239 0.0920839
0.0898019 0.0919298
0.0997799 0.0917616
0.109758 0.091579
0.119736 0.0913808
0.129714 0.0911691
0.139692 0.0909413
0.14967 0.0906994
0.159648 0.0904444
0.169626 0.0901726
0.179604 0.0898855
0.189582 0.0895871
0.19956 0.0892721
0.209538 0.0889422
0.219516 0.0885981
0.229494 0.0882379
0.239472 0.0878654
0.24945 0.0874784
0.259428 0.0870749
0.269406 0.0866588
0.279384 0.0862271
0.289362 0.0857814
0.29934 0.0853191
0.309318 0.0848448
0.319296 0.0843535
0.329274 0.0838486
0.339252 0.0833308
0.34923 0.0827983
0.359208 0.0822486
0.369186 0.0816862
0.379164 0.0811103
0.389142 0.0805182
0.399119 0.079911
0.409097 0.0792916
0.419075 0.0786568
0.429053 0.0780071
0.439031 0.0773427
0.449009 0.0766663
0.458987 0.0759725
0.468965 0.0752642
0.478943 0.0745439
0.488921 0.0738077
0.498899 0.0730574
0.508877 0.0722928
0.518855 0.0715142
0.528833 0.0707209
0.538811 0.0699132
0.548789 0.0690917
0.558767 0.0682539
0.568745 0.0674042
0.578723 0.0665396
0.588701 0.0656598
0.598679 0.0647674
0.608657 0.0638589
0.618635 0.0629363
0.628613 0.0620024
0.638591 0.0610522
0.648569 0.0600876
0.658547 0.0591094
0.668525 0.0581144
0.678503 0.0571087
0.688481 0.0560887
0.698459 0.0550526
0.708437 0.0540054
0.718415 0.0529417
0.728393 0.0518619
0.738371 0.0507741
0.748349 0.0496704
0.758327 0.0485492
0.768305 0.0474156
0.778283 0.0462715
0.788261 0.0451117
0.798239 0.0439346
0.808217 0.0427488
0.818195 0.0415459
0.828173 0.0403317
0.838151 0.0391034
0.848129 0.0378647
0.858107 0.0366055
0.868085 0.0353357
0.878063 0.0340528
0.888041 0.0327576
0.898019 0.0314454
0.907997 0.0301226
0.917975 0.0287875
0.927953 0.0274366
0.937931 0.0260705
0.947909 0.0246953
0.957887 0.0232899
0.967865 0.021881
0.977843 0.0204129
0.987821 0.0188497
0.997799 0.0160556
1.00778 0.0134525
1.01775 0.0116153
1.02773 0.0104544
1.03771 0.00957524
1.04769 0.00885907
1.05767 0.00825375
1.06764 0.00772812
1.07762 0.00726547
1.0876 0.00685608
1.09758 0.0064864
1.10756 0.00614921
1.11753 0.00584245
1.12751 0.00555991
1.13749 0.00529798
1.14747 0.00505775
1.15745 0.00483386
1.16742 0.00462551
1.1774 0.00442996
1.18738 0.00424661
1.19736 0.00407492
1.20734 0.00391251
1.21731 0.00375899
1.22729 0.0036158
1.23727 0.00347896
1.24725 0.00334825
1.25723 0.00322686
1.2672 0.00311102
1.27718 0.00299896
1.28716 0.00289535
1.29714 0.00279511
1.30712 0.00269821
1.31709 0.00260752
1.32707 0.00251987
1.33705 0.00243806
1.34703 0.0023576
1.35701 0.0022813
1.36698 0.002209
1.37696 0.00213787
1.38694 0.00207187
1.39692 0.0020082
1.4069 0.00194553
1.41687 0.00188638
1.42685 0.00182938
1.43683 0.00177446
1.44681 0.00172279
1.45679 0.00167186
1.46676 0.00162286
1.47674 0.00157689
1.48672 0.00153155
1.4967 0.00148687
1.50668 0.00144504
1.51665 0.00140488
1.52663 0.00136635
1.53661 0.00132835
1.54659 0.0012919
1.55657 0.00125697
1.56654 0.00122253
1.57652 0.00118954
1.5865 0.00115797
1.59648 0.00112777
1.60646 0.00109798
1.61643 0.00106952
1.62641 0.00104141
1.63639 0.0010146
1.64637 0.000989026
1.65635 0.000963765
1.66632 0.000938831
1.6763 0.000915084
1.68628 0.000893347
1.69626 0.000871012
1.70624 0.000848952
1.71621 0.000828001
1.72619 0.000808116
1.73617 0.000788464
1.74615 0.000769052
1.75613 0.000750655
1.7661 0.000732478
1.77608 0.000715284
1.78606 0.000699045
1.79604 0.000682241
1.80602 0.000665629
1.81599 0.000650678
1.82597 0.000635897
1.83595 0.000621272
1.84593 0.000606823
1.85591 0.00059253
1.86588 0.00057909
1.87586 0.000566486
1.88584 0.000554011
1.89582 0.000541011
1.9058 0.000528815
1.91577 0.0005174
1.92575 0.000506105
1.93573 0.000494935
1.94571 0.000483886
1.95569 0.000473579
1.96566 0.000463377
1.97564 0.000453286
1.98562 0.000443297
1.9956 0.000434009
2.00558 0.000424826
2.01555 0.000415731
2.02553 0.000406733
2.03551 0.000398401
2.04549 0.000390153
2.05547 0.000381427
2.06544 0.000373902
2.07542 0.000366443
2.0854 0.000358529
2.09538 0.000350691
2.10536 0.000343995
2.11533 0.000337357
2.12531 0.000330264
2.13529 0.000323251
2.14527 0.000316816
2.15525 0.000310439
2.16522 0.000304131
2.1752 0.00029788
2.18518 0.00029218
2.19516 0.000286534
2.20514 0.000280466
2.21511 0.000275398
2.22509 0.000269913
2.23507 0.000264481
2.24505 0.000259105
2.25503 0.00025423
2.265 0.000249403
2.27498 0.000244177
2.28496 0.00023988
2.29494 0.000235189
2.30492 0.00023054
2.31489 0.000226361
2.32487 0.000221804
2.33485 0.000217705
2.34483 0.000213644
2.35481 0.000209211
2.36478 0.000205632
2.37476 0.000201682
2.38474 0.00019777
2.39472 0.000194291
2.40469 0.000190452
2.41467 0.000187033
2.42465 0.000183645
2.43463 0.000180289
2.44461 0.000176962
2.45458 0.000173294
2.46456 0.000170032
2.47454 0.000167165
2.48452 0.000164321
2.4945 0.000161143
2.50447 0.000157996
2.51445 0.00015558
2.52443 0.000152835
2.53441 0.000149424
2.54439 0.000146732
2.55436 0.000144403
2.56434 0.000141757
2.57432 0.000139468
2.5843 0.000136866
2.59428 0.000134288
2.60425 0.000131735
2.61423 0.000129525
2.62421 0.000127336
2.63419 0.000124848
2.64417 0.000122697
2.65414 0.000120564
2.66412 0.000118449
2.6741 0.000116353
2.68408 0.000114273
2.69406 0.000112215
2.70403 0.000110172
2.71401 0.000108442
2.72399 0.000106435
2.73397 0.000104446
2.74395 0.00010276
2.75392 0.000101089
2.7639 9.94308e-05
2.77388 9.72301e-05
2.78386 9.56033e-05
2.79384 9.42618e-05
2.80381 9.23898e-05
2.81379 9.08032e-05
2.82377 8.94952e-05
2.83375 8.76707e-05
2.84373 8.61238e-05
2.8537 8.48501e-05
2.86368 8.33287e-05
2.87366 8.18211e-05
2.88364 8.03266e-05
2.89362 7.90959e-05
2.90359 7.78746e-05
2.91357 7.61707e-05
2.92355 7.49718e-05
2.93353 7.37812e-05
2.94351 7.23624e-05
2.95348 7.11931e-05
2.96346 7.00333e-05
2.97344 6.88829e-05
2.98342 6.77418e-05
2.9934 6.66092e-05
3.00337 6.52606e-05
3.01335 6.41487e-05
3.02333 6.30471e-05
3.03331 6.19555e-05
3.04329 6.10912e-05
3.05326 6.0016e-05
3.06324 5.87344e-05
3.07322 5.78942e-05
3.0832 5.70582e-05
3.09318 5.58084e-05
3.10315 5.49882e-05
3.11313 5.41739e-05
3.12311 5.29561e-05
3.13309 5.21569e-05
3.14307 5.13635e-05
3.15304 5.03765e-05
3.16302 4.95968e-05
3.173 4.86268e-05
3.18298 4.78605e-05
3.19296 4.71001e-05
3.20293 4.61549e-05
3.21291 4.54081e-05
3.22289 4.46671e-05
3.23287 4.39324e-05
3.24285 4.32035e-05
3.25282 4.24806e-05
3.2628 4.15818e-05
3.27278 4.08733e-05
3.28276 4.03481e-05
3.29274 3.94721e-05
3.30271 3.8781e-05
3.31269 3.82699e-05
3.32267 3.75885e-05
3.33265 3.69138e-05
3.34263 3.60763e-05
3.3526 3.55826e-05
3.36258 3.50922e-05
3.37256 3.42755e-05
3.38254 3.36311e-05
3.39252 3.3154e-05
3.40249 3.26803e-05
3.41247 3.2051e-05
3.42245 3.14276e-05
3.43243 3.08103e-05
3.44241 3.03535e-05
3.45238 2.99001e-05
3.46236 2.92979e-05
3.47234 2.87017e-05
3.48232 2.82607e-05
3.4923 2.76751e-05
3.50227 2.72419e-05
3.51225 2.68122e-05
3.52223 2.62417e-05
3.53221 2.58198e-05
3.54219 2.526e-05
3.55216 2.4846e-05
3.56214 2.44354e-05
3.57212 2.4028e-05
3.5821 2.3488e-05
3.59208 2.30887e-05
3.60205 2.26927e-05
3.61203 2.21673e-05
3.62201 2.19104e-05
3.63199 2.15251e-05
3.64197 2.10139e-05
3.65194 2.06355e-05
3.66192 2.02615e-05
3.6719 1.98899e-05
3.68188 1.95228e-05
3.69186 1.9158e-05
3.70183 1.87975e-05
3.71181 1.84396e-05
3.72179 1.80859e-05
3.73177 1.77352e-05
3.74175 1.73879e-05
3.75172 1.7044e-05
3.7617 1.67036e-05
3.77168 1.63661e-05
3.78166 1.61449e-05
3.79164 1.58134e-05
3.80161 1.53758e-05
3.81159 1.51608e-05
3.82157 1.48397e-05
3.83155 1.45219e-05
3.84153 1.43139e-05
3.8515 1.40018e-05
3.86148 1.36926e-05
3.87146 1.33878e-05
3.88144 1.30856e-05
3.89142 1.28875e-05
3.90139 1.25914e-05
3.91137 1.22987e-05
3.92135 1.21072e-05
3.93133 1.18197e-05
3.94131 1.16319e-05
3.95128 1.13501e-05
3.96126 1.10722e-05
3.97124 1.07977e-05
3.98122 1.06177e-05
3.99119 1.04393e-05
4.00117 1.01728e-05
4.01115 9.90969e-06
4.02113 9.64997e-06
4.03111 9.47987e-06
4.04108 9.31124e-06
4.05106 9.14412e-06
4.06104 8.89462e-06
4.07102 8.64861e-06
4.081 8.4061e-06
4.09097 8.2473e-06
4.10095 8.08996e-06
4.11093 7.85536e-06
4.12091 7.70181e-06
4.13089 7.54978e-06
4.14086 7.32324e-06
4.15084 7.17497e-06
4.16082 7.02822e-06
4.1708 6.80965e-06
4.18078 6.59455e-06
4.19075 6.45378e-06
4.20073 6.31459e-06
4.21071 6.17696e-06
4.22069 6.04077e-06
4.23067 5.77074e-06
4.24064 5.63914e-06
4.25062 5.57496e-06
4.2606 5.3804e-06
4.27058 5.18932e-06
4.28056 5.12774e-06
4.29053 5.00369e-06
4.30051 4.7582e-06
4.31049 4.63872e-06
4.32047 4.58044e-06
4.33045 4.40425e-06
4.34042 4.28926e-06
4.3504 4.17585e-06
4.36038 4.00736e-06
4.37036 3.8977e-06
4.38034 3.7899e-06
4.39031 3.68328e-06
4.40029 3.57787e-06
4.41027 3.47466e-06
4.42025 3.32139e-06
4.43023 3.22129e-06
4.4402 3.12332e-06
4.45018 2.97782e-06
4.46016 2.9314e-06
4.47014 2.8377e-06
4.48012 2.69901e-06
4.49009 2.60914e-06
4.50007 2.52077e-06
4.51005 2.4339e-06
4.52003 2.34858e-06
4.53001 2.26477e-06
4.53998 2.18277e-06
4.54996 2.06166e-06
4.55994 1.98319e-06
4.56992 1.94472e-06
4.5799 1.83078e-06
4.58987 1.75686e-06
4.59985 1.72067e-06
4.60983 1.61359e-06
4.61981 1.54392e-06
4.62979 1.4764e-06
4.63976 1.37683e-06
4.64974 1.34531e-06
4.65972 1.28204e-06
4.6697 1.18934e-06
4.67968 1.16008e-06
4.68965 1.10139e-06
4.69963 1.01557e-06
4.70961 9.88566e-07
4.71959 9.34441e-07
4.72957 8.55822e-07
4.73954 8.05204e-07
4.74952 7.81205e-07
4.7595 7.33174e-07
4.76948 6.63743e-07
4.77946 6.19223e-07
4.78943 5.7654e-07
4.79941 5.56291e-07
4.80939 5.15882e-07
4.81937 4.57944e-07
4.82935 4.2105e-07
4.83932 3.85989e-07
4.8493 3.6949e-07
4.85928 3.36704e-07
4.86926 2.90269e-07
4.87924 2.61001e-07
4.88921 2.33567e-07
4.89919 2.20813e-07
4.90917 1.95652e-07
4.91915 1.60421e-07
4.92913 1.49602e-07
4.9391 1.29328e-07
4.94908 1.01315e-07
4.95906 8.42538e-08
4.96904 7.67356e-08
4.97902 6.2256e-08
4.98899 4.31501e-08
4.99897 3.7876e-08
5.00895 2.79746e-08
5.01893 1.92911e-08
5.02891 1.27504e-08
5.03888 7.11911e-09
5.04886 3.63062e-09
5.05884 6.56353e-10
5.06882 6.1525e-10
5.0788 1.0884e-09
5.08877 3.70429e-09
5.09875 5.01171e-09
