# ---$r/a_\mathrm{H}$---	---Y---
-2.55436 8.09234e-13
-2.54439 8.54832e-13
-2.53441 8.97897e-13
-2.52443 9.43004e-13
-2.51445 9.89454e-13
-2.50447 1.04301e-12
-2.4945 1.09962e-12
-2.48452 1.15495e-12
-2.47454 1.21557e-12
-2.46456 1.28449e-12
-2.45458 1.35879e-12
-2.44461 1.43442e-12
-2.43463 1.51264e-12
-2.42465 1.59788e-12
-2.41467 1.69314e-12
-2.40469 1.78721e-12
-2.39472 1.89131e-12
-2.38474 2.01187e-12
-2.37476 2.13548e-12
-2.36478 2.2758e-12
-2.35481 2.43326e-12
-2.34483 2.60648e-12
-2.33485 2.7836e-12
-2.32487 2.98556e-12
-2.31489 3.18898e-12
-2.30492 3.4067e-12
-2.29494 3.6128e-12
-2.28496 3.84691e-12
-2.27498 3.98724e-12
-2.265 4.0273e-12
-2.25503 3.4528e-12
-2.24505 1.25718e-12
-2.23507 8.50869e-12
-2.22509 9.21024e-11
-2.21511 0.127447
-2.20514 0.0674741
-2.19516 0.0459378
-2.18518 0.0350103
-2.1752 0.0282964
-2.16522 0.0239371
-2.15525 0.0207508
-2.14527 0.0184082
-2.13529 0.0165875
-2.12531 0.0151323
-2.11533 0.0139415
-2.10536 0.0129841
-2.09538 0.0121445
-2.0854 0.0114843
-2.07542 0.0108859
-2.06544 0.0103892
-2.05547 0.00995118
-2.04549 0.00958499
-2.03551 0.00923635
-2.02553 0.00894261
-2.01555 0.00869589
-2.00558 0.00847124
-1.9956 0.00826617
-1.98562 0.00809332
-1.97564 0.00793344
-1.96566 0.00778573
-1.95569 0.00766195
-1.94571 0.00754585
-1.93573 0.00743688
-1.92575 0.00734594
-1.91577 0.00727116
-1.9058 0.00721044
-1.89582 0.00714108
-1.88584 0.0070846
-1.87586 0.00703927
-1.86588 0.00699439
-1.85591 0.00696784
-1.84593 0.00693193
-1.83595 0.00691221
-1.82597 0.00689114
-1.81599 0.00686895
-1.80602 0.00687402
-1.79604 0.00680586
-1.78606 0.0068754
-1.77608 0.00687144
-1.7661 0.00686436
-1.75613 0.00685546
-1.74615 0.00684439
-1.73617 0.00683151
-1.72619 0.00687012
-1.71621 0.00685059
-1.70624 0.00692962
-1.69626 0.00690436
-1.68628 0.00692365
-1.6763 0.00693838
-1.66632 0.00695035
-1.65635 0.00699861
-1.64637 0.00700042
-1.63639 0.00703956
-1.62641 0.00707111
-1.61643 0.00706109
-1.60646 0.00708411
-1.59648 0.0071357
-1.5865 0.00718052
-1.57652 0.00718808
-1.56654 0.00725205
-1.55657 0.00727859
-1.54659 0.0073004
-1.53661 0.00734437
-1.52663 0.00738162
-1.51665 0.00741298
-1.50668 0.00746272
-1.4967 0.00748256
-1.48672 0.00754244
-1.47674 0.00755099
-1.46676 0.00761822
-1.45679 0.00763673
-1.44681 0.0076894
-1.43683 0.00773471
-1.42685 0.00777287
-1.41687 0.00782197
-1.4069 0.00786422
-1.39692 0.00791582
-1.38694 0.00794377
-1.37696 0.00799628
-1.36698 0.00804126
-1.35701 0.00809296
-1.34703 0.00813682
-1.33705 0.00818665
-1.32707 0.00824128
-1.31709 0.00828777
-1.30712 0.0083384
-1.29714 0.00838111
-1.28716 0.00843833
-1.27718 0.00848695
-1.2672 0.00854787
-1.25723 0.00859007
-1.24725 0.00864336
-1.23727 0.00869728
-1.22729 0.00874274
-1.21731 0.00880546
-1.20734 0.00885873
-1.19736 0.00891098
-1.18738 0.00896222
-1.1774 0.00902659
-1.16742 0.00907395
-1.15745 0.00913307
-1.14747 0.00918903
-1.13749 0.00924831
-1.12751 0.00930382
-1.11753 0.00935539
-1.10756 0.0094148
-1.09758 0.00949612
-1.0876 0.00948101
-1.07762 0.00956313
-1.06764 0.0096823
-1.05767 0.00969139
-1.04769 0.00973874
-1.03771 0.00981975
-1.02773 0.0098446
-1.01775 0.00990184
-1.00778 0.00998751
-0.997799 0.0100585
-0.987821 0.0100783
-0.977843 0.0101247
-0.967865 0.0101937
-0.957887 0.0102813
-0.947909 0.0102882
-0.937931 0.0103779
-0.927953 0.01042
-0.917975 0.010448
-0.907997 0.0105187
-0.898019 0.0105439
-0.888041 0.0106059
-0.878063 0.0106261
-0.868085 0.0106778
-0.858107 0.0107098
-0.848129 0.010747
-0.838151 0.0107647
-0.828173 0.010783
-0.818195 0.0108218
-0.808217 0.0108384
-0.798239 0.0108696
-0.788261 0.0108761
-0.778283 0.0108758
-0.768305 0.0108844
-0.758327 0.0108821
-0.748349 0.0108676
-0.738371 0.0108539
-0.728393 0.0108381
-0.718415 0.0108179
-0.708437 0.0107773
-0.698459 0.0107393
-0.688481 0.0106881
-0.678503 0.0106317
-0.668525 0.010555
-0.658547 0.0104746
-0.648569 0.0103652
-0.638591 0.0102491
-0.628613 0.0101167
-0.618635 0.0099477
-0.608657 0.00974554
-0.598679 0.00948613
-0.588701 0.00917385
-0.578723 0.00870346
-0.568745 0.00805165
-0.558767 0.00773955
-0.548789 0.00700685
-0.538811 0.006609
-0.528833 0.00631425
-0.518855 0.00604586
-0.508877 0.00579248
-0.498899 0.00561316
-0.488921 0.0054175
-0.478943 0.00523832
-0.468965 0.00510428
-0.458987 0.0049806
-0.449009 0.00483784
-0.439031 0.00473197
-0.429053 0.00460765
-0.419075 0.00451636
-0.409097 0.00443078
-0.399119 0.00432737
-0.389142 0.00425282
-0.379164 0.00418267
-0.369186 0.00411662
-0.359208 0.0040544
-0.34923 0.0039958
-0.339252 0.00394047
-0.329274 0.00388832
-0.319296 0.00383916
-0.309318 0.00379273
-0.29934 0.00374889
-0.289362 0.00372409
-0.279384 0.00366847
-0.269406 0.00363161
-0.259428 0.00361212
-0.24945 0.0035639
-0.239472 0.00354754
-0.229494 0.0035036
-0.219516 0.00348997
-0.209538 0.00346363
-0.19956 0.00343879
-0.189582 0.00341536
-0.179604 0.00339332
-0.169626 0.00337257
-0.159648 0.00335306
-0.14967 0.00333472
-0.139692 0.00331753
-0.129714 0.00330143
-0.119736 0.00328636
-0.109758 0.00327231
-0.0997799 0.00325923
-0.0898019 0.00324707
-0.0798239 0.00322505
-0.0698459 0.00321485
-0.0598679 0.00320549
-0.0498899 0.00319695
-0.0399119 0.00318923
-0.029934 0.00318228
-0.019956 0.00316624
-0.00997799 0.00316095
0 0.00315639
0.00997799 0.0031431
0.019956 0.00314952
0.029934 0.00313789
0.0399119 0.00313635
0.0498899 0.00313552
0.0598679 0.0031354
0.0698459 0.00312713
0.0798239 0.00312854
0.0898019 0.00313067
0.0997799 0.00312491
0.109758 0.00312003
0.119736 0.00312451
0.129714 0.00312974
0.139692 0.00312741
0.14967 0.00313433
0.159648 0.00314196
0.169626 0.00314222
0.179604 0.00314354
0.189582 0.00314578
0.19956 0.00315698
0.209538 0.00316908
0.219516 0.0031743
0.229494 0.00318841
0.239472 0.00319562
0.24945 0.00320395
0.259428 0.00321356
0.269406 0.00323202
0.279384 0.00324388
0.289362 0.00325714
0.29934 0.00327929
0.309318 0.0032951
0.319296 0.00330483
0.329274 0.00333129
0.339252 0.00334397
0.34923 0.00336584
0.359208 0.00338953
0.369186 0.00341491
0.379164 0.00344217
0.389142 0.0034637
0.399119 0.00349489
0.409097 0.00352059
0.419075 0.00354842
0.429053 0.0035862
0.439031 0.00361877
0.449009 0.00365402
0.458987 0.00369181
0.468965 0.00373236
0.478943 0.00377591
0.488921 0.00382258
0.498899 0.00386459
0.508877 0.00391787
0.518855 0.00396668
0.528833 0.00401921
0.538811 0.00407561
0.548789 0.00413604
0.558767 0.00419246
0.568745 0.0042532
0.578723 0.0043271
0.588701 0.00439727
0.598679 0.00446361
0.608657 0.00454393
0.618635 0.00462971
0.628613 0.00471209
0.638591 0.00480005
0.648569 0.00488442
0.658547 0.00498435
0.668525 0.00508041
0.678503 0.00518259
0.688481 0.00529075
0.698459 0.00539413
0.708437 0.00551314
0.718415 0.00561561
0.728393 0.00573282
0.738371 0.00584099
0.748349 0.00593717
0.758327 0.00605425
0.768305 0.00613977
0.778283 0.00621006
0.788261 0.00624221
0.798239 0.00623151
0.808217 0.00614829
0.818195 0.00594304
0.828173 0.00550571
0.838151 0.00465881
0.848129 0.00269827
0.858107 1.05954e-14
0.868085 1.40128e-14
0.878063 1.70048e-14
0.888041 1.97089e-14
0.898019 2.22125e-14
0.907997 2.45467e-14
0.917975 2.67228e-14
0.927953 2.86573e-14
0.937931 3.04663e-14
0.947909 3.20297e-14
0.957887 3.34489e-14
0.967865 3.46625e-14
0.977843 3.5719e-14
0.987821 3.66358e-14
0.997799 3.75198e-14
1.00778 3.8212e-14
1.01775 3.88735e-14
1.02773 3.93986e-14
1.03771 3.98847e-14
1.04769 4.03323e-14
1.05767 4.07248e-14
1.06764 4.10367e-14
1.07762 4.15832e-14
1.0876 4.20718e-14
1.09758 4.25906e-14
1.10756 4.31321e-14
1.11753 4.36299e-14
1.12751 4.42015e-14
1.13749 4.48832e-14
1.14747 4.55999e-14
1.15745 4.6299e-14
1.16742 4.71504e-14
1.1774 4.80601e-14
1.18738 4.90145e-14
1.19736 5.00394e-14
1.20734 5.11534e-14
1.21731 5.23159e-14
1.22729 5.35371e-14
1.23727 5.47868e-14
1.24725 5.61421e-14
1.25723 5.74663e-14
1.2672 5.8803e-14
1.27718 6.02513e-14
1.28716 6.17627e-14
1.29714 6.33509e-14
1.30712 6.49533e-14
1.31709 6.65927e-14
1.32707 6.83312e-14
1.33705 7.01077e-14
1.34703 7.20198e-14
1.35701 7.40302e-14
1.36698 7.61302e-14
1.37696 7.81231e-14
1.38694 7.99688e-14
1.39692 8.17886e-14
1.4069 8.37906e-14
1.41687 8.56614e-14
1.42685 8.75898e-14
1.43683 8.95214e-14
1.44681 9.1564e-14
1.45679 9.36994e-14
1.46676 9.58502e-14
1.47674 9.80262e-14
1.48672 1.00439e-13
1.4967 1.02829e-13
1.50668 1.05398e-13
1.51665 1.07916e-13
1.52663 1.10488e-13
1.53661 1.12986e-13
1.54659 1.15439e-13
1.55657 1.17939e-13
1.56654 1.20403e-13
1.57652 1.22869e-13
1.5865 1.25447e-13
1.59648 1.27899e-13
1.60646 1.30714e-13
1.61643 1.33522e-13
1.62641 1.36148e-13
1.63639 1.38982e-13
1.64637 1.41682e-13
1.65635 1.44523e-13
1.66632 1.47464e-13
1.6763 1.50646e-13
1.68628 1.53947e-13
1.69626 1.57421e-13
1.70624 1.60389e-13
1.71621 1.63416e-13
1.72619 1.66464e-13
1.73617 1.69299e-13
1.74615 1.7225e-13
1.75613 1.74836e-13
1.7661 1.7729e-13
1.77608 1.79654e-13
1.78606 1.81791e-13
1.79604 1.83606e-13
1.80602 1.85389e-13
1.81599 1.87126e-13
1.82597 1.8909e-13
1.83595 1.90773e-13
1.84593 1.92189e-13
1.85591 1.93387e-13
1.86588 1.94256e-13
1.87586 1.94757e-13
1.88584 1.94882e-13
1.89582 1.94687e-13
1.9058 1.94046e-13
1.91577 1.93129e-13
1.92575 1.91789e-13
1.93573 1.89882e-13
1.94571 1.8704e-13
1.95569 1.83424e-13
1.96566 1.79101e-13
1.97564 1.74206e-13
1.98562 1.68851e-13
1.9956 1.62846e-13
2.00558 1.56846e-13
2.01555 1.50086e-13
2.02553 1.43333e-13
2.03551 1.36429e-13
2.04549 1.29522e-13
2.05547 1.22591e-13
2.06544 1.15807e-13
2.07542 1.08305e-13
2.0854 9.94155e-14
2.09538 8.97118e-14
2.10536 7.97571e-14
2.11533 6.91886e-14
2.12531 5.90482e-14
2.13529 4.86424e-14
2.14527 3.85062e-14
2.15525 2.80962e-14
2.16522 1.74772e-14
2.1752 7.03087e-15
2.18518 3.13441e-15
2.19516 1.41467e-14
2.20514 2.60596e-14
2.21511 3.81361e-14
2.22509 5.17885e-14
2.23507 6.63705e-14
2.24505 8.22332e-14
2.25503 9.79475e-14
2.265 1.14222e-13
2.27498 1.30925e-13
2.28496 1.49318e-13
2.29494 1.67843e-13
2.30492 1.8535e-13
2.31489 2.02916e-13
2.32487 2.21719e-13
2.33485 2.39083e-13
2.34483 2.57029e-13
2.35481 2.755e-13
2.36478 2.95075e-13
2.37476 3.13709e-13
2.38474 3.31515e-13
2.39472 3.48589e-13
2.40469 3.68133e-13
2.41467 3.871e-13
2.42465 4.09091e-13
2.43463 4.31907e-13
2.44461 4.57174e-13
2.45458 4.83693e-13
2.46456 5.13894e-13
2.47454 5.42592e-13
2.48452 5.73343e-13
2.4945 6.04236e-13
2.50447 6.35945e-13
2.51445 6.6831e-13
2.52443 7.01463e-13
2.53441 7.32691e-13
2.54439 7.69469e-13
